1 1 116 104 123 103 124 106 113 101 102 114 123 104 105 103 106 115 103 122 129 109
1 1 130 104 123 103 124 113 117 101 126 114 123 120 105 122 129 115 103 122 129 130
2 1 116 104 123 103 124 106 113 101 126 114 123 120 104 103 116 102 103 122 109 109
2 1 116 104 123 129 124 113 113 101 126 118 123 120 105 103 116 115 103 122 129 130
3 1 130 104 123 103 124 106 113 101 102 118 109 120 104 103 116 102 103 122 109 109
3 1 130 104 123 103 124 113 113 101 126 118 123 120 104 103 129 102 103 122 122 109
4 1 116 104 123 103 124 106 117 101 102 118 123 104 105 103 116 115 103 122 122 109
4 1 116 107 123 103 124 106 117 114 126 118 123 120 105 103 129 115 103 122 129 130
5 1 116 104 123 103 124 106 113 101 102 114 123 104 105 103 116 102 103 122 129 109
5 1 130 107 123 103 124 106 117 114 106 114 123 120 105 122 129 115 103 122 129 130
6 1 116 104 123 103 124 113 109 101 124 114 123 104 105 103 106 102 103 122 122 117
6 1 116 104 123 103 124 113 113 114 126 114 123 104 105 122 106 102 103 122 129 120
7 1 116 104 123 103 124 106 109 101 126 114 109 104 104 103 116 102 103 122 109 130
7 1 130 104 123 129 124 113 113 114 126 118 123 120 105 122 129 102 103 122 129 130
8 1 116 104 123 103 124 106 113 101 126 118 109 120 104 103 116 102 103 122 109 109
8 1 130 104 123 129 124 113 113 101 126 118 123 120 105 103 129 130 103 122 129 109
9 1 116 104 123 103 124 113 113 101 102 114 123 104 105 103 116 102 103 122 109 112
9 1 130 104 123 129 124 113 117 101 126 118 123 120 105 122 129 115 103 122 122 130
10 1 116 104 123 103 124 106 113 101 126 118 109 104 104 103 106 102 103 122 109 109
10 1 116 104 123 103 124 113 113 101 126 118 123 120 105 103 116 102 103 122 129 130
11 1 116 104 123 103 124 106 113 114 102 118 123 120 105 122 106 102 103 122 129 112
11 1 116 104 123 103 124 106 117 114 126 118 123 120 105 122 116 102 103 122 129 120
12 1 116 104 123 103 124 106 113 101 102 114 109 104 104 103 106 102 103 122 129 112
12 1 116 104 123 103 124 113 113 114 126 118 123 120 105 103 111 115 103 122 129 112
13 1 116 104 123 103 124 106 113 101 102 114 123 104 104 103 116 102 103 122 129 112
13 1 130 107 123 116 124 113 113 114 126 118 123 104 105 122 116 102 103 122 129 130
14 1 116 104 123 103 124 106 109 101 126 118 123 120 104 103 116 102 103 122 109 130
14 1 116 104 123 129 124 113 113 101 126 118 123 120 105 122 116 115 103 122 129 130
15 1 116 104 123 103 124 106 113 101 126 114 109 104 105 103 116 102 103 122 129 109
15 1 130 107 123 103 124 113 117 114 126 114 109 104 105 122 129 115 103 122 129 109
16 1 116 104 123 103 124 106 117 114 102 114 109 104 105 103 106 115 103 122 122 112
16 1 116 107 123 103 124 106 117 114 102 118 123 120 105 103 106 115 103 122 129 130
17 1 105 104 123 103 124 113 113 101 102 114 123 104 104 103 106 115 103 122 109 112
17 1 130 104 123 116 124 113 113 101 102 118 123 120 105 122 116 115 103 122 129 130
18 1 105 104 123 103 124 113 113 101 102 114 123 120 105 103 116 102 103 122 109 130
18 1 130 104 123 116 124 113 117 101 126 118 123 120 105 122 129 115 103 122 122 130
19 1 116 104 123 103 124 106 113 114 102 114 109 104 105 103 106 102 103 122 129 109
19 1 130 107 123 103 124 106 117 114 126 118 123 120 105 122 129 115 103 122 129 130
20 1 116 104 123 103 124 106 113 101 102 114 123 120 104 103 116 102 103 122 109 109
20 1 130 104 123 129 124 113 113 101 126 114 123 120 104 103 116 102 103 122 129 130
21 3 128 107 110 116 117 108 121 119 104 113 111 120 119 109 115 129 113 114 107 118
21 3 128 111 122 117 127 108 121 122 113 122 111 122 119 109 115 129 113 114 107 119
22 3 109 107 110 116 117 108 121 119 104 112 111 118 119 109 113 118 109 114 107 112
22 3 109 111 115 116 117 124 121 123 129 113 124 122 120 109 114 129 113 114 117 119
23 3 128 107 110 116 117 108 111 119 129 113 111 118 119 118 114 103 101 114 107 117
23 3 128 107 115 117 125 108 121 122 129 113 118 122 119 118 115 129 113 114 107 119
24 3 109 107 110 116 117 108 121 119 113 112 111 118 119 109 114 118 113 104 107 112
24 3 109 107 110 116 117 124 121 122 129 126 124 120 120 109 115 129 113 114 107 119
25 3 109 107 110 116 125 108 121 119 104 113 111 118 119 118 113 103 101 114 107 117
25 3 128 107 110 116 127 108 121 122 113 113 111 120 119 118 114 129 113 114 107 119
26 3 128 107 110 116 125 108 121 122 113 113 111 118 119 109 114 118 101 104 107 112
26 3 128 107 110 116 127 124 121 122 129 113 111 122 119 118 115 129 113 114 107 119
27 3 109 107 115 116 117 108 121 122 104 113 111 120 119 109 115 129 113 114 107 118
27 3 109 107 122 117 127 108 121 122 129 113 111 120 119 118 115 129 113 114 107 119
28 3 109 107 110 116 117 108 121 122 104 113 111 120 119 118 115 129 113 114 107 119
28 3 128 107 110 117 125 108 121 122 129 113 111 122 119 118 115 129 113 114 107 119
29 3 109 107 110 116 117 108 121 119 104 113 111 120 119 118 113 129 113 104 107 119
29 3 109 111 110 117 125 108 121 119 104 122 111 122 119 118 113 129 113 114 107 119
30 3 109 107 110 116 117 108 111 119 113 113 111 118 119 109 114 103 101 104 107 112
30 3 128 107 110 117 125 124 121 122 129 113 118 122 119 118 115 129 113 114 107 119
31 3 109 107 110 116 117 124 111 122 124 103 118 120 116 109 113 118 101 114 107 117
31 3 109 111 115 117 117 124 121 122 129 122 124 120 119 118 113 129 109 114 119 117
32 3 109 107 110 117 117 108 121 119 104 113 111 120 119 109 115 129 113 114 107 119
32 3 109 107 115 117 127 108 121 122 129 126 111 120 119 109 115 129 113 114 107 119
33 3 109 107 110 117 117 108 121 119 104 113 111 120 119 109 115 129 113 114 107 119
33 3 109 107 110 117 127 108 121 122 129 113 111 120 119 118 115 129 113 114 107 119
34 3 109 107 110 116 117 108 121 122 113 112 118 120 119 109 114 118 101 114 107 112
34 3 109 107 115 116 125 124 121 122 129 122 124 122 119 109 114 118 109 114 117 112
35 3 109 107 110 117 117 108 121 119 104 113 111 122 119 109 115 129 113 114 107 119
35 3 109 107 115 117 127 108 121 122 129 126 111 122 119 118 115 129 113 114 107 119
36 3 109 107 110 116 117 108 121 119 104 113 111 122 119 109 115 129 113 104 107 119
36 3 128 107 110 116 125 120 121 122 129 122 111 122 119 118 115 129 113 114 107 119
37 3 128 111 115 116 117 108 121 119 113 113 111 122 119 109 115 129 113 114 107 119
37 3 128 111 115 117 127 108 121 119 124 113 111 122 119 118 115 129 113 114 107 119
38 3 128 107 110 116 117 120 121 122 104 113 111 120 119 109 113 129 113 104 107 119
38 3 128 111 110 117 117 124 121 122 129 122 111 122 119 118 115 129 113 104 107 119
39 3 109 107 110 117 117 108 121 119 104 113 111 120 119 109 113 129 113 104 107 119
39 3 128 107 110 117 117 108 121 122 129 113 111 122 119 118 115 129 113 114 107 119
40 3 109 107 115 116 117 124 111 122 113 112 124 120 119 109 114 118 109 114 107 112
40 3 109 111 115 116 125 124 121 123 129 122 124 122 120 109 114 118 113 114 117 117
41 4 109 105 110 117 117 124 121 119 113 122 124 118 119 109 107 103 109 114 119 119
41 4 128 111 122 121 117 124 121 122 124 126 124 122 119 109 113 129 113 114 119 120
42 4 128 111 101 116 117 108 121 122 124 112 111 122 120 109 113 129 109 114 117 119
42 4 128 111 101 117 117 124 121 123 124 126 124 122 120 109 113 129 109 114 117 120
43 4 128 111 101 117 117 108 121 122 124 122 124 120 120 109 113 128 109 114 107 119
43 4 128 111 101 117 117 124 121 122 124 126 124 122 120 109 113 129 109 114 119 120
44 4 109 107 101 117 117 124 111 119 113 126 111 120 116 109 113 118 101 114 107 117
44 4 128 111 115 117 125 124 121 122 124 126 118 122 120 109 114 129 109 114 107 119
45 4 128 105 110 116 117 108 121 122 113 122 111 118 119 109 113 103 109 114 107 117
45 4 128 111 115 117 117 108 121 122 124 126 124 122 119 109 113 128 113 114 117 120
46 4 109 107 101 116 117 108 111 122 124 113 111 120 116 109 113 118 101 114 107 117
46 4 128 111 115 117 125 124 121 123 129 126 118 122 120 109 114 129 113 114 117 120
47 4 128 111 110 116 117 108 121 122 124 126 111 122 120 109 113 129 109 114 117 119
47 4 128 111 110 117 117 124 121 122 124 126 124 122 120 109 113 129 113 114 119 120
48 4 109 105 101 117 117 124 121 122 113 122 111 120 119 109 113 129 109 114 119 119
48 4 128 111 122 117 117 124 121 122 124 126 124 122 119 109 113 129 113 114 119 120
49 4 109 111 101 117 117 124 121 119 113 122 111 120 120 109 107 103 113 114 119 119
49 4 128 111 101 117 117 124 121 122 124 122 124 122 120 109 113 129 113 114 119 120
50 4 128 111 110 116 117 108 121 122 124 112 111 122 120 109 113 129 109 114 107 120
50 4 128 111 110 117 117 124 121 122 124 126 124 122 120 109 113 129 113 114 117 120
51 4 109 111 101 117 117 124 121 119 124 122 111 120 119 109 107 103 109 114 117 119
51 4 128 111 110 117 117 124 121 122 124 122 124 122 120 109 113 129 109 114 119 120
52 4 128 111 101 116 117 124 121 122 124 112 111 118 119 109 113 103 109 114 117 119
52 4 128 111 101 117 117 124 121 122 124 126 124 122 120 109 113 129 109 114 117 119
53 4 128 111 101 116 117 108 121 122 124 112 111 120 119 109 113 129 109 114 117 119
53 4 128 111 110 117 124 124 121 122 124 122 124 122 120 109 113 129 109 114 119 120
54 4 109 107 101 116 117 108 121 119 113 112 111 118 119 109 113 118 101 114 107 117
54 4 128 111 110 117 125 124 121 122 124 113 118 122 120 118 114 129 113 114 117 120
55 4 128 111 101 116 117 108 121 122 124 112 111 118 120 109 113 103 109 114 117 119
55 4 128 111 101 117 117 124 121 122 124 113 111 122 120 109 113 129 109 114 119 119
56 4 128 111 110 117 117 108 121 122 124 122 124 122 120 109 113 129 109 114 107 120
56 4 128 111 115 117 117 124 121 122 124 126 124 122 120 109 113 129 109 114 117 120
57 4 128 111 101 116 117 108 121 122 124 112 111 120 120 109 113 129 113 114 117 119
57 4 128 111 110 117 117 124 121 122 124 126 124 122 120 109 113 129 113 114 119 120
58 4 109 111 101 116 117 108 121 122 113 112 124 122 119 109 113 103 113 114 107 119
58 4 128 111 115 117 124 124 121 122 124 122 124 122 120 118 115 129 113 114 117 119
59 4 128 111 101 116 117 124 121 122 124 112 124 122 119 109 113 103 109 114 117 119
59 4 128 111 101 117 117 124 121 122 124 113 124 122 120 109 113 129 109 114 119 120
60 4 109 111 110 116 117 108 121 119 124 122 111 122 119 109 107 103 109 114 107 120
60 4 128 111 115 117 117 124 121 122 124 126 124 122 120 109 113 128 113 114 117 120
61 5 128 107 115 116 117 108 121 122 113 113 124 120 119 109 113 103 113 114 120 112
61 5 128 107 122 129 117 124 121 122 129 113 124 120 119 118 115 129 113 114 120 119
62 5 109 107 110 116 116 124 121 122 113 118 111 122 119 109 114 103 101 114 119 112
62 5 128 111 115 117 117 124 121 122 113 122 124 122 119 109 114 129 113 114 120 119
63 5 109 107 110 117 117 124 121 122 113 118 111 120 119 109 114 103 101 114 119 119
63 5 109 111 110 117 117 124 121 122 124 122 111 122 119 109 114 129 109 114 120 119
64 5 109 107 110 117 117 124 121 122 124 118 111 122 119 109 114 128 101 114 107 119
64 5 109 111 115 117 117 124 121 122 124 122 111 122 119 109 114 129 109 114 120 119
65 5 128 107 110 116 117 108 121 122 124 118 111 120 119 109 114 128 113 114 107 117
65 5 128 111 110 117 117 124 121 122 129 122 124 122 119 109 115 129 113 114 119 119
66 5 109 107 110 116 117 124 121 122 113 118 111 120 119 109 114 103 101 114 107 117
66 5 109 111 110 117 117 124 121 122 124 122 111 122 119 109 115 129 113 114 120 119
67 5 109 111 110 116 117 108 121 122 124 113 123 120 119 109 114 128 113 114 119 117
67 5 128 111 110 117 117 124 121 122 129 122 124 122 119 109 115 129 113 114 120 119
68 5 109 107 110 117 117 124 121 122 113 113 111 122 119 109 114 103 109 104 107 117
68 5 128 111 115 117 117 124 121 122 129 118 124 122 119 109 115 103 109 114 120 119
69 5 109 107 110 116 117 124 121 122 113 118 111 122 119 109 113 103 101 114 107 119
69 5 128 111 115 117 117 124 121 122 129 122 124 122 119 109 114 129 109 114 119 130
70 5 109 107 110 116 117 124 121 122 113 118 111 120 119 109 113 128 113 114 107 112
70 5 128 111 115 117 117 124 121 122 113 122 124 122 119 109 114 129 113 114 117 117
71 5 109 111 110 117 117 124 111 122 129 113 111 120 119 109 114 128 113 104 107 117
71 5 128 111 115 129 117 124 121 122 129 113 124 122 119 109 115 128 113 114 107 119
72 5 128 107 110 116 117 124 121 122 124 122 111 120 119 109 114 103 109 114 107 119
72 5 128 111 110 116 117 124 121 122 129 122 124 120 119 109 114 129 113 114 117 130
73 5 109 107 110 117 117 124 121 122 113 118 111 122 119 109 114 128 101 114 119 117
73 5 109 111 110 117 117 124 121 122 124 122 111 122 119 109 114 129 113 114 120 119
74 5 109 107 110 116 117 124 121 122 113 118 113 122 119 109 113 103 113 114 107 112
74 5 128 111 115 117 117 124 121 122 113 122 124 122 119 109 115 129 113 114 117 119
75 5 109 111 110 117 117 124 121 122 102 113 111 120 119 109 113 128 101 114 107 117
75 5 109 111 110 129 117 124 121 122 113 122 123 120 119 109 113 129 113 114 120 119
76 5 109 107 110 117 117 124 111 122 113 113 111 122 119 109 113 103 109 114 107 119
76 5 128 111 115 117 117 124 121 122 129 118 124 122 119 118 115 129 109 114 107 119
77 5 109 107 110 116 117 108 121 119 129 112 111 120 119 109 114 118 109 104 107 112
77 5 109 111 115 116 117 124 121 122 129 126 118 120 119 109 115 129 113 114 107 119
78 5 128 107 110 116 117 108 121 122 113 113 124 120 119 109 113 103 109 114 120 112
78 5 128 111 115 129 117 108 121 122 129 113 124 122 119 109 115 129 113 114 120 117
79 5 109 107 110 116 117 108 121 122 104 113 111 120 119 109 113 128 113 104 107 119
79 5 128 111 110 117 125 124 121 122 129 113 111 122 119 118 115 129 113 104 107 119
80 5 128 107 110 116 117 124 121 122 113 113 111 120 119 109 114 103 101 114 117 119
80 5 128 111 110 117 117 124 121 122 124 122 124 122 119 109 114 103 113 114 119 130
81 6 109 105 110 116 117 108 121 123 124 112 118 118 119 109 107 118 109 114 107 112
81 6 109 111 110 116 117 124 121 123 129 112 124 118 119 109 114 128 113 114 119 112
82 6 109 105 110 116 117 108 111 122 129 122 111 118 119 109 114 129 109 114 119 112
82 6 109 111 122 117 117 124 111 122 129 122 124 120 120 109 114 129 113 114 119 119
83 6 109 107 115 116 117 108 121 122 129 112 124 118 119 109 107 103 113 114 107 112
83 6 109 107 115 116 125 124 121 123 129 122 124 122 119 109 114 118 113 114 107 117
84 6 109 105 110 116 117 108 121 123 129 112 118 118 119 109 107 103 109 114 107 112
84 6 109 111 110 116 117 124 121 123 129 112 124 118 119 109 114 128 113 114 107 112
85 6 109 107 110 116 117 108 121 122 124 122 124 118 119 109 114 118 113 114 107 112
85 6 109 111 110 117 117 108 121 123 129 122 124 118 120 109 114 129 113 114 107 112
86 6 109 107 110 116 117 108 121 123 124 112 118 118 119 109 114 103 109 114 107 112
86 6 109 114 110 117 117 124 121 123 129 112 118 118 119 109 114 103 113 114 107 112
87 6 109 107 110 116 117 108 111 122 129 122 111 118 119 109 114 129 109 114 119 112
87 6 128 111 110 116 117 124 121 122 129 122 124 120 119 109 114 129 113 114 119 119
88 6 109 105 110 116 117 108 121 123 129 122 124 118 119 109 107 103 101 114 107 112
88 6 109 111 122 117 117 108 121 123 129 122 124 118 120 109 114 118 109 114 119 119
89 6 109 107 122 116 117 108 121 122 129 112 111 118 120 109 114 128 109 114 119 112
89 6 128 111 122 117 117 124 121 122 129 122 111 118 120 109 114 129 109 114 119 112
90 6 109 105 115 116 117 124 111 122 124 112 118 118 119 109 107 103 109 114 107 112
90 6 109 107 115 116 117 124 121 123 129 113 124 120 119 118 111 118 113 114 107 117
91 6 109 107 110 116 117 108 121 119 104 113 111 120 119 109 115 129 113 114 107 119
91 6 109 107 110 117 127 108 121 122 104 126 111 122 119 109 115 129 113 114 107 119
92 6 109 105 110 116 117 124 121 122 129 112 118 118 116 101 107 103 113 114 107 112
92 6 109 107 115 116 117 124 121 123 129 113 124 120 119 118 114 103 113 114 107 112
93 6 109 105 110 116 117 124 111 122 129 112 124 118 116 101 107 103 101 114 107 112
93 6 109 107 115 116 117 124 121 123 129 112 124 118 119 118 114 103 109 114 107 117
94 6 109 105 115 116 117 124 111 122 113 112 124 118 119 109 107 103 109 114 107 112
94 6 109 107 115 116 125 124 121 123 124 113 124 120 119 109 111 103 113 114 107 112
95 6 109 105 110 116 117 108 121 123 129 112 118 118 119 109 107 118 109 114 107 112
95 6 109 111 110 116 117 124 121 123 129 122 118 118 119 109 107 128 113 114 119 112
96 6 109 105 115 116 117 108 111 119 113 112 124 118 116 109 114 103 101 114 107 112
96 6 109 107 115 116 117 124 121 123 129 122 124 122 120 109 114 103 113 114 107 112
97 6 109 107 110 117 117 108 111 122 129 112 111 118 120 109 114 128 109 114 119 112
97 6 128 111 122 117 117 124 121 122 129 122 111 120 120 109 114 129 113 114 119 119
98 6 109 105 110 116 117 108 121 122 129 122 111 118 119 109 113 129 101 114 107 112
98 6 109 111 115 117 117 124 121 123 129 122 124 118 119 109 114 129 113 114 107 119
99 6 109 107 110 117 117 124 121 123 129 112 124 118 119 109 107 103 101 114 117 112
99 6 109 111 122 117 117 124 121 123 129 122 124 118 120 109 113 118 109 114 119 112
100 6 109 105 110 116 117 124 121 122 124 122 124 118 119 109 113 129 101 114 107 117
100 6 109 107 110 117 117 124 121 123 129 122 124 118 119 109 113 129 113 114 107 119
101 7 116 104 123 103 124 113 113 101 126 118 109 104 105 103 129 102 103 122 129 112
101 7 116 104 123 103 124 113 117 101 126 118 109 104 105 103 129 102 103 122 129 130
102 7 116 104 123 103 124 113 113 101 124 114 123 104 105 103 117 102 103 122 129 130
102 7 116 104 123 103 124 113 113 122 126 114 123 104 105 122 129 115 103 122 129 130
103 7 116 104 123 103 124 113 113 101 126 114 109 104 104 103 106 102 103 122 129 112
103 7 116 104 123 103 124 113 117 101 126 118 109 120 105 103 106 123 103 122 129 130
104 7 116 104 123 103 124 106 113 101 102 114 109 104 104 103 129 115 103 122 122 112
104 7 116 107 123 103 130 113 117 101 113 114 123 104 105 103 129 115 103 122 129 112
105 7 116 104 123 103 124 113 113 101 124 114 109 104 105 103 106 102 103 122 129 130
105 7 116 104 123 103 124 113 117 101 126 114 123 120 105 122 116 123 103 122 129 130
106 7 116 104 123 103 124 108 113 101 126 114 109 104 105 103 106 102 103 122 129 112
106 7 116 104 123 103 124 113 117 101 126 118 109 104 105 122 111 123 103 122 129 130
107 7 116 104 123 103 124 113 113 101 124 114 123 104 105 103 117 102 103 114 129 130
107 7 116 104 123 103 124 113 117 101 126 118 123 104 105 103 129 115 103 122 129 130
108 7 116 104 123 103 124 113 113 101 126 114 109 104 105 103 106 102 103 122 129 112
108 7 116 104 123 103 124 113 117 101 126 118 109 104 105 103 106 102 103 122 129 130
109 7 116 104 123 103 124 113 113 101 126 114 109 104 104 103 106 102 103 122 129 112
109 7 116 104 123 103 124 113 117 101 126 118 123 120 105 103 129 102 103 122 129 130
110 7 116 104 123 116 124 106 109 114 102 114 113 120 105 103 116 102 103 122 109 112
110 7 116 107 123 129 124 113 111 122 113 114 123 120 116 109 116 123 103 122 117 117
111 7 116 104 123 103 124 113 113 101 126 114 109 104 104 103 106 102 103 122 129 112
111 7 116 104 123 103 124 113 117 101 126 118 123 120 105 103 106 115 103 122 129 130
112 7 116 104 123 103 124 113 113 101 126 118 109 104 105 103 106 102 103 122 129 112
112 7 116 104 123 103 124 113 117 101 126 118 109 104 105 103 106 123 103 122 129 130
113 7 116 104 123 103 124 113 113 101 126 114 109 104 104 103 116 102 103 122 129 130
113 7 116 104 123 103 124 113 117 101 126 114 123 120 105 103 129 123 103 122 129 130
114 7 116 104 123 103 124 113 117 101 126 114 109 104 104 103 106 102 103 122 129 112
114 7 116 104 123 103 124 113 117 101 126 114 109 104 105 103 106 115 103 122 129 130
115 7 116 104 123 103 124 106 109 101 102 114 123 104 105 103 111 102 103 122 129 112
115 7 116 104 123 103 124 113 113 122 126 114 123 104 105 103 129 115 103 122 129 112
116 7 116 104 123 103 124 106 113 101 126 114 109 104 104 103 111 115 103 122 129 130
116 7 116 104 123 103 124 113 117 114 126 114 123 104 105 103 116 123 103 122 129 130
117 7 116 104 123 103 124 106 113 101 126 114 109 104 104 103 111 102 103 122 129 112
117 7 116 107 123 103 124 113 113 122 126 118 123 104 105 103 129 115 103 122 129 130
118 7 116 104 123 103 124 113 113 101 126 114 109 104 105 103 106 102 103 122 122 112
118 7 116 104 123 103 124 113 117 114 126 118 109 104 105 103 129 102 103 122 129 112
119 7 116 107 123 103 124 108 111 114 102 114 113 104 105 109 106 102 103 122 109 112
119 7 116 107 123 129 124 113 117 114 113 118 123 120 116 122 116 102 110 122 122 117
120 7 116 104 123 103 124 106 109 101 126 114 109 104 104 103 116 102 103 122 129 112
120 7 116 104 123 103 124 113 113 101 126 118 123 120 105 103 129 115 103 122 129 112
121 8 109 107 110 116 117 108 121 122 104 112 111 122 119 118 113 129 113 104 107 119
121 8 109 107 110 116 125 108 121 122 104 122 111 122 119 118 115 129 113 114 107 119
122 8 109 107 110 116 117 124 126 122 129 113 111 122 116 109 113 103 101 114 107 117
122 8 109 111 110 116 125 124 126 123 129 122 118 122 119 109 114 118 101 114 107 117
123 8 128 107 110 116 117 108 121 122 102 113 111 120 119 109 113 128 109 104 119 117
123 8 128 111 110 117 117 108 121 122 129 122 124 120 119 109 115 129 109 114 120 119
124 8 109 107 110 117 117 124 121 122 102 103 118 120 116 109 113 103 101 104 107 117
124 8 109 107 110 129 117 124 121 123 129 122 124 122 119 118 114 103 109 114 114 117
125 8 109 107 115 117 125 124 121 119 129 113 111 120 116 118 113 118 101 114 107 117
125 8 109 107 115 117 125 124 126 122 129 122 118 122 116 118 114 118 101 114 107 117
126 8 128 107 110 116 117 108 121 122 102 113 111 120 119 109 113 103 109 114 119 112
126 8 128 107 122 129 117 108 121 122 129 113 124 122 119 109 115 129 113 114 120 119
127 8 109 107 110 112 125 124 121 119 129 113 111 118 116 118 113 118 101 114 107 112
127 8 109 111 110 116 125 124 121 123 129 113 111 122 116 129 114 118 101 114 107 117
128 8 109 107 110 116 125 124 111 122 129 103 111 118 116 109 113 103 101 114 107 117
128 8 109 111 110 117 125 124 111 122 129 122 118 122 116 109 114 129 109 114 107 117
129 8 109 107 115 116 125 124 121 119 113 113 111 118 116 118 114 118 101 114 107 117
129 8 128 107 115 117 125 124 126 122 129 113 124 120 119 118 115 118 101 114 107 117
130 8 109 107 110 116 125 124 111 119 113 103 111 120 116 118 114 103 101 114 107 117
130 8 109 111 110 117 125 124 111 119 129 113 118 122 119 118 114 118 101 114 107 117
131 8 109 107 115 117 125 124 121 119 129 103 111 120 116 109 113 118 101 114 107 117
131 8 109 111 115 117 125 124 126 122 129 113 118 122 119 118 114 129 101 114 107 117
132 8 128 107 110 116 117 124 121 122 113 118 111 120 119 109 114 103 113 114 117 112
132 8 128 111 115 117 117 124 121 122 113 122 124 122 119 109 114 129 113 114 120 117
133 8 109 107 110 116 117 124 126 122 129 113 111 118 116 109 113 129 101 114 107 117
133 8 109 111 115 117 125 124 126 122 129 113 111 122 119 109 114 129 101 114 107 117
134 8 109 107 110 116 125 124 111 119 113 113 111 118 116 118 114 103 101 114 107 117
134 8 109 111 110 117 125 124 121 122 129 113 111 122 119 118 114 118 109 114 107 117
135 8 109 107 110 117 125 124 111 119 113 113 111 120 116 118 114 103 101 114 107 117
135 8 109 111 110 117 125 124 121 122 113 113 118 120 116 118 114 118 109 114 107 117
136 8 109 107 110 117 117 108 111 122 124 113 111 118 116 109 113 103 101 114 107 117
136 8 109 107 115 129 125 124 121 122 129 122 123 122 119 109 115 118 109 114 114 117
137 8 109 107 110 116 125 124 121 119 129 113 111 118 116 109 113 103 101 114 107 117
137 8 128 107 115 117 125 124 121 123 129 113 111 118 116 118 114 118 109 114 107 117
138 8 109 107 110 116 125 124 111 122 129 113 111 118 116 109 114 118 101 114 107 117
138 8 128 107 115 116 125 124 121 123 129 113 118 118 116 109 115 118 101 114 119 117
139 8 109 107 110 116 125 124 121 119 113 113 111 118 116 109 113 118 101 114 107 117
139 8 109 107 115 117 125 124 126 122 129 113 118 120 119 118 114 118 101 114 107 117
140 8 109 107 110 116 125 124 111 122 129 113 111 118 116 109 113 103 101 114 107 117
140 8 109 111 115 117 125 124 126 123 129 122 111 122 116 109 114 118 101 114 119 117
141 9 116 107 123 103 124 106 113 101 102 114 109 104 104 103 116 102 103 122 109 112
141 9 116 107 123 103 124 106 117 114 102 114 113 104 105 103 129 123 103 122 122 117
142 9 116 104 123 103 124 106 113 101 102 114 109 104 105 103 106 102 103 122 107 112
142 9 116 104 123 129 130 113 113 114 126 118 123 104 105 122 129 102 103 122 122 117
143 9 116 104 123 103 124 106 113 101 102 114 123 104 104 103 129 102 103 122 117 112
143 9 116 104 123 103 124 113 117 114 102 114 123 104 105 103 129 102 103 122 122 117
144 9 116 104 123 103 124 106 113 101 102 114 109 104 104 103 129 102 103 122 122 112
144 9 116 104 123 103 130 106 113 101 102 114 123 104 105 103 129 115 103 122 122 112
145 9 116 104 123 103 124 106 113 101 102 114 109 104 104 103 129 115 103 122 122 112
145 9 116 104 123 103 124 106 113 114 102 118 113 104 105 103 129 115 103 122 122 112
146 9 116 107 123 103 124 106 113 114 102 114 123 104 104 103 129 115 103 122 122 112
146 9 116 107 123 129 124 106 113 114 126 114 123 104 104 103 129 123 103 122 122 112
147 9 116 107 123 103 130 106 113 101 102 114 109 104 105 103 106 115 103 122 122 112
147 9 116 107 123 103 130 113 113 114 113 114 123 104 105 103 129 123 103 122 122 112
148 9 116 104 123 103 130 106 113 101 102 114 109 104 104 103 106 115 103 122 122 112
148 9 116 104 123 103 130 106 117 101 102 114 109 104 105 122 129 115 103 122 129 112
149 9 116 107 123 103 130 106 113 101 113 114 109 104 104 103 129 115 103 122 122 112
149 9 116 107 123 129 130 113 113 114 126 118 123 104 105 103 129 123 103 122 122 112
150 9 116 104 123 129 124 106 113 101 102 114 109 104 104 103 129 102 103 122 109 112
150 9 116 107 123 129 130 113 113 114 126 118 123 104 105 103 129 115 103 122 122 112
151 9 116 107 115 103 124 113 109 114 102 114 113 104 105 103 106 102 103 122 109 112
151 9 116 107 123 116 124 113 111 122 124 118 123 104 105 122 116 102 110 122 109 117
152 9 116 104 123 103 124 113 113 101 102 114 109 104 105 103 106 115 103 122 122 112
152 9 116 107 123 103 130 113 117 101 102 118 109 104 105 122 129 115 103 122 129 112
153 9 116 104 123 103 124 106 113 101 102 114 109 104 104 103 106 115 103 122 122 112
153 9 116 107 123 103 124 106 113 114 102 118 123 104 104 122 106 123 103 122 129 130
154 9 116 104 123 103 124 106 113 101 102 114 109 104 104 103 129 115 103 122 117 112
154 9 116 104 123 103 124 113 113 114 126 118 123 104 105 103 129 115 103 122 122 112
155 9 116 104 123 103 124 106 113 101 102 114 123 104 104 103 106 102 103 122 122 112
155 9 116 104 123 129 130 113 113 114 126 118 123 104 104 122 129 115 103 122 122 112
156 9 116 104 123 103 124 106 113 101 102 114 109 104 104 103 129 115 103 122 117 112
156 9 116 104 123 103 124 113 113 101 126 118 123 104 105 103 129 115 103 122 122 112
157 9 116 104 123 103 124 106 113 101 113 118 109 104 104 103 129 115 103 122 122 112
157 9 116 107 123 103 130 113 117 114 126 118 123 104 105 103 129 123 103 122 129 112
158 9 116 107 123 103 124 106 113 101 102 114 109 104 104 103 129 115 103 122 122 112
158 9 116 107 123 129 130 113 113 114 113 114 123 104 105 103 129 115 103 122 122 130
159 9 116 104 123 103 124 106 113 101 102 114 109 104 104 103 106 115 103 122 129 112
159 9 116 107 123 103 130 106 113 101 102 118 109 104 105 103 129 115 103 122 129 130
160 9 116 104 123 103 124 106 113 101 102 114 123 104 104 103 129 102 103 122 122 112
160 9 116 107 123 129 130 113 113 114 126 118 123 104 104 122 129 115 103 122 122 130
161 10 109 111 115 117 117 124 120 122 129 118 111 120 116 109 113 103 101 114 107 117
161 10 128 111 123 117 117 124 120 122 129 118 111 120 119 109 113 103 101 114 107 117
162 10 128 104 110 117 117 124 106 104 124 118 118 120 116 109 113 118 101 114 107 117
162 10 128 107 110 117 117 124 106 122 124 118 118 120 116 109 113 129 113 114 107 119
163 10 109 111 115 117 117 124 120 122 129 118 111 120 116 109 113 103 101 114 107 117
163 10 120 111 115 117 117 124 120 122 129 118 111 120 119 129 113 103 101 114 107 117
164 10 116 107 115 117 117 106 111 101 124 103 111 104 116 109 106 102 101 114 107 117
164 10 120 111 123 117 124 113 117 122 124 118 118 120 116 109 113 103 113 122 107 117
165 10 128 104 110 117 117 124 106 104 124 118 118 120 116 109 113 118 101 114 107 119
165 10 128 107 115 117 117 124 106 122 124 118 118 120 116 109 113 129 113 114 107 119
166 10 120 111 110 117 117 108 106 122 124 103 111 120 116 109 113 118 101 114 107 117
166 10 120 111 115 117 117 124 106 122 129 118 123 120 116 129 113 129 101 114 107 117
167 10 109 104 110 103 117 124 106 101 124 118 109 118 105 109 113 102 101 114 107 112
167 10 128 111 110 117 124 124 117 122 124 118 118 120 116 129 113 118 103 122 129 119
168 10 116 104 123 103 124 113 109 101 102 114 123 104 104 103 116 102 103 114 129 112
168 10 116 104 123 103 124 113 113 101 126 114 123 120 105 122 129 115 103 122 129 112
169 10 109 111 115 117 117 124 111 122 129 118 111 120 116 109 113 103 101 114 107 117
169 10 120 111 115 117 117 124 120 122 129 118 111 120 119 109 113 103 101 114 107 117
170 10 128 104 115 117 117 113 106 122 124 118 111 120 116 109 113 129 101 114 107 117
170 10 128 107 115 129 117 124 106 122 124 118 118 120 119 109 113 129 113 114 107 119
171 10 128 107 110 117 117 113 106 104 124 118 118 120 116 109 113 118 101 114 107 119
171 10 128 107 115 129 117 124 106 122 124 118 118 120 116 109 113 129 113 114 107 119
172 10 128 107 110 117 117 124 106 104 124 118 111 120 116 109 113 129 101 114 107 119
172 10 128 107 115 117 117 124 106 122 124 118 118 120 116 109 113 129 113 114 107 119
173 10 116 104 110 117 117 113 120 101 124 113 118 104 116 103 106 118 113 114 107 112
173 10 128 107 115 117 117 124 120 122 124 118 118 120 116 109 113 129 113 114 129 119
174 10 120 111 115 117 117 124 106 122 124 103 111 120 116 109 113 103 101 114 107 117
174 10 128 111 115 117 125 124 117 122 124 103 118 120 116 109 113 103 101 114 129 117
175 10 120 111 110 117 117 124 106 104 124 103 111 120 116 109 113 118 101 114 107 117
175 10 128 111 115 117 125 124 106 122 124 118 123 120 116 129 113 129 113 114 107 119
176 10 120 111 115 117 117 113 106 122 113 103 111 120 116 109 113 103 101 114 107 117
176 10 128 111 115 117 125 124 106 122 124 118 118 120 116 129 113 118 101 114 107 119
177 10 109 104 115 103 117 124 111 101 129 118 111 120 105 109 113 103 101 114 107 117
177 10 120 111 115 117 125 124 117 122 129 118 118 120 116 109 113 118 113 114 129 130
178 10 120 111 115 117 117 108 106 122 113 103 111 120 116 109 113 118 101 114 107 117
178 10 120 111 115 117 117 124 111 122 124 103 118 120 116 109 113 129 101 114 107 117
179 10 116 111 115 103 117 124 111 104 126 103 111 120 116 129 113 102 113 114 107 117
179 10 120 130 115 117 125 124 111 122 129 103 118 120 119 129 115 118 113 114 107 119
180 10 120 111 115 117 117 108 106 104 113 103 111 120 116 109 113 103 101 114 107 117
180 10 120 111 115 117 117 113 106 122 129 118 118 120 116 129 113 118 113 114 107 119
181 2 116 104 123 129 124 113 109 122 113 114 123 104 105 103 116 102 103 114 109 112
181 2 116 104 123 129 124 113 113 123 113 114 123 120 116 109 117 123 103 114 117 117
182 2 116 104 123 103 124 113 113 114 124 114 123 104 104 109 106 102 103 122 122 112
182 2 116 107 123 103 130 113 117 114 126 118 123 120 104 122 116 115 103 122 122 112
183 2 116 104 115 103 124 106 117 101 102 114 123 104 104 103 116 102 103 122 109 117
183 2 116 104 123 116 130 113 117 122 113 114 123 120 105 103 117 115 103 122 129 130
184 2 116 107 123 103 124 113 111 114 113 114 123 104 116 103 106 102 103 122 109 112
184 2 116 107 123 129 124 113 117 122 124 118 123 120 116 103 116 102 110 122 122 117
185 2 116 107 123 103 124 113 117 114 113 114 113 104 105 103 106 102 103 114 109 112
185 2 116 107 123 129 124 113 117 114 113 118 123 120 116 103 116 102 110 122 122 117
186 2 116 104 123 103 124 113 113 114 102 114 113 104 104 103 106 102 103 122 109 112
186 2 116 107 123 129 124 113 113 114 113 118 123 104 105 109 129 115 103 122 117 112
187 2 116 104 123 116 124 113 109 114 113 114 123 104 105 103 116 102 103 114 109 112
187 2 116 107 123 129 124 113 117 122 113 114 123 120 116 103 117 102 103 122 117 117
188 2 116 104 115 116 124 113 109 122 113 114 123 104 105 103 116 102 103 114 109 112
188 2 116 107 123 129 130 113 113 122 113 114 123 120 105 109 117 123 103 114 109 117
189 2 116 107 123 103 124 113 111 114 113 114 113 104 105 109 106 102 103 114 109 112
189 2 116 107 123 129 124 113 117 122 124 118 123 120 105 109 116 102 110 122 122 117
190 2 116 107 123 103 124 108 117 114 113 114 113 104 116 103 106 102 103 122 109 112
190 2 116 107 123 129 124 113 117 122 113 118 123 120 116 109 116 102 110 122 122 117
191 2 116 107 123 103 124 108 111 114 113 114 113 104 105 103 106 102 103 122 109 112
191 2 116 107 123 103 124 113 117 122 124 118 123 104 116 122 116 102 110 122 122 117
192 2 116 104 123 103 124 113 117 101 102 114 123 104 105 103 116 102 103 122 109 117
192 2 116 104 123 116 130 113 117 122 112 114 123 104 116 103 117 115 103 122 129 130
193 2 116 104 123 103 124 108 113 101 126 114 109 104 105 103 106 102 103 122 129 130
193 2 116 104 123 103 124 113 117 114 126 118 123 120 105 103 116 115 103 122 129 130
194 2 116 107 115 103 124 113 109 114 102 114 113 104 105 103 106 102 103 114 109 112
194 2 116 107 115 103 124 113 111 114 102 114 123 104 105 103 116 115 103 122 122 117
195 2 116 107 123 103 124 106 117 114 102 114 113 104 105 103 116 115 103 122 122 112
195 2 116 107 123 103 124 113 117 122 124 114 123 120 105 109 116 123 103 122 122 117
196 2 116 104 123 103 124 113 113 114 102 114 113 104 104 103 129 102 103 114 117 112
196 2 116 107 123 129 124 113 117 114 113 118 123 104 105 109 129 115 103 122 122 112
197 2 116 104 115 103 124 106 117 114 102 114 113 104 104 103 106 102 103 122 109 112
197 2 116 107 123 129 124 113 117 122 102 118 123 104 105 109 116 115 103 122 117 117
198 2 116 107 123 103 130 106 113 101 113 114 123 104 105 103 106 115 103 122 122 112
198 2 116 107 123 103 130 106 113 114 126 118 123 104 105 103 129 123 103 122 122 112
199 2 116 107 115 103 124 113 113 114 102 118 123 104 104 109 106 102 103 122 117 112
199 2 116 107 123 129 130 113 113 122 126 118 123 120 105 122 129 115 103 122 122 112
200 2 116 104 123 103 124 106 117 122 102 114 123 104 105 103 116 102 103 122 109 112
200 2 116 104 123 116 124 108 117 122 113 114 123 120 105 103 117 102 103 122 117 117
