1 1 177 255 302 238 313 257 182 181 203 254 298 205
1 1 177 263 314 240 313 280 185 181 203 254 300 205
2 1 177 259 286 240 318 261 182 171 167 254 302 197
2 1 177 267 314 240 318 292 182 179 170 254 304 205
3 1 177 263 306 234 317 261 182 171 170 254 302 197
3 1 177 263 322 238 318 268 182 179 170 256 302 209
4 1 177 263 314 236 313 265 182 171 167 254 304 197
4 1 189 267 334 240 313 288 182 179 167 254 306 209
5 1 177 263 306 234 317 261 182 171 163 254 300 200
5 1 177 267 318 240 317 264 182 179 207 262 304 209
6 1 177 263 306 238 313 260 182 179 159 254 302 200
6 1 177 267 314 238 313 272 182 179 167 256 304 209
7 2 181 259 286 240 313 253 182 171 167 254 300 209
7 2 189 263 314 244 317 269 182 181 207 256 300 240
8 2 177 263 302 240 313 261 182 171 167 258 300 205
8 2 189 263 310 240 313 264 182 179 170 266 302 213
9 2 177 259 310 242 317 272 182 175 163 254 300 201
9 2 189 259 322 242 317 288 182 179 167 254 300 221
10 2 177 259 294 240 313 257 182 173 167 256 300 217
10 2 177 263 314 242 318 265 182 173 174 256 302 221
11 2 177 259 306 240 313 249 182 179 211 256 300 213
11 2 177 259 310 240 322 265 182 187 211 266 304 217
12 2 177 263 302 236 313 261 182 173 170 254 298 205
12 2 189 263 318 242 313 300 182 175 170 260 302 213
13 2 177 259 310 238 313 253 182 171 170 256 300 213
13 2 189 259 310 240 313 261 182 196 171 256 300 240
14 2 177 259 302 238 318 264 182 175 178 254 300 213
14 2 177 263 306 238 322 284 182 189 215 258 306 213
15 2 189 259 314 236 313 296 182 173 170 258 298 209
15 2 189 263 318 236 313 300 182 175 174 260 300 213
16 2 177 263 286 238 313 265 182 187 167 258 302 209
16 2 189 267 306 238 318 272 185 197 170 258 302 209
17 2 181 255 298 236 313 261 182 181 167 256 300 205
17 2 189 259 310 238 317 268 182 196 178 258 304 213
18 2 177 267 302 238 313 269 182 173 163 256 300 201
18 2 189 271 310 240 317 292 182 181 171 256 306 213
19 2 177 255 306 238 313 261 182 171 163 254 300 197
19 2 177 267 318 240 313 264 182 171 170 260 302 213
20 2 177 255 322 240 313 265 182 179 163 254 300 213
20 2 181 267 322 240 313 288 185 187 194 258 300 213
21 2 177 263 314 240 313 264 182 175 163 254 304 213
21 2 177 271 375 240 317 292 182 198 170 256 304 217
22 2 177 259 298 244 313 280 182 179 163 254 300 205
22 2 189 259 359 244 318 288 191 192 167 258 302 213
23 2 177 259 302 240 313 253 182 171 167 254 298 217
23 2 181 259 310 246 318 253 182 171 167 256 302 217
24 2 177 259 334 244 313 265 182 179 163 254 300 213
24 2 189 259 359 244 313 280 191 192 167 268 302 213
25 2 177 263 286 240 313 253 182 171 163 254 300 185
25 2 177 267 306 240 318 296 182 181 167 256 300 201
26 2 177 259 314 240 317 265 182 171 167 254 300 197
26 2 189 259 359 240 317 265 182 175 167 256 300 225
27 2 177 255 318 240 313 264 182 179 163 254 302 213
27 2 177 267 330 240 318 269 182 196 163 260 302 236
28 2 189 259 302 238 313 257 182 171 167 258 300 205
28 2 189 263 375 240 317 288 185 181 174 260 302 213
29 2 177 259 298 236 313 257 182 187 167 254 300 197
29 2 177 271 314 238 318 260 182 196 167 254 300 213
30 2 177 259 314 238 313 260 182 187 167 254 300 197
30 2 177 271 322 240 313 284 182 196 167 256 306 217
31 2 177 259 314 238 313 264 182 196 163 258 300 201
31 2 177 259 359 240 318 284 182 196 167 258 304 213
32 2 177 263 306 238 313 265 182 181 163 254 298 201
32 2 189 267 371 240 317 288 182 183 167 264 304 205
33 2 177 255 318 240 313 264 182 179 163 254 302 213
33 2 177 267 330 240 318 269 182 196 163 260 302 236
34 2 177 263 310 236 313 261 182 179 167 254 300 201
34 2 189 267 310 240 317 261 182 187 167 266 304 240
35 2 177 259 298 236 313 284 182 171 171 254 302 197
35 2 189 263 322 238 317 284 182 171 207 254 302 213
36 2 177 255 302 236 313 268 182 179 163 254 300 197
36 2 189 259 306 240 317 284 182 179 174 256 304 201
37 3 177 259 298 240 318 256 182 171 163 254 302 201
37 3 189 259 310 240 322 264 182 175 167 266 304 213
38 3 177 255 314 240 322 257 182 171 163 254 300 185
38 3 189 271 314 240 322 276 182 177 167 254 300 197
39 3 177 259 302 238 309 284 182 179 170 258 300 201
39 3 177 263 310 240 313 292 182 198 178 258 302 209
40 3 177 259 302 238 313 261 182 171 167 254 300 197
40 3 189 263 314 240 317 264 182 179 170 254 302 205
41 3 177 259 306 238 322 257 182 179 167 256 300 205
41 3 177 259 306 240 322 260 182 198 170 258 302 232
42 3 177 259 302 242 317 257 182 171 167 256 302 209
42 3 177 263 306 242 322 268 182 171 219 258 304 232
43 3 177 259 306 238 317 257 182 171 167 260 298 209
43 3 189 271 310 242 322 261 182 171 186 266 302 236
44 3 177 255 302 236 313 256 182 171 167 254 298 201
44 3 189 267 318 240 317 264 182 173 215 256 304 217
45 3 177 271 302 240 313 265 182 173 163 254 300 185
45 3 189 279 310 240 313 280 185 173 167 258 302 205
46 3 177 259 290 238 309 257 182 171 167 254 300 205
46 3 189 263 306 238 317 264 182 171 219 258 304 209
47 3 177 259 302 238 313 256 182 179 167 256 300 213
47 3 189 263 306 244 314 280 182 179 167 260 302 236
48 3 177 259 286 240 313 288 182 197 167 254 300 205
48 3 177 263 318 240 318 300 182 197 178 258 304 213
49 3 177 255 306 240 313 249 182 171 167 268 300 201
49 3 177 263 310 242 322 268 182 171 203 270 306 205
50 3 177 263 310 240 313 257 182 171 167 256 300 209
50 3 177 267 318 242 318 284 185 187 186 260 304 217
51 3 177 263 298 236 318 253 182 171 167 256 300 205
51 3 177 263 314 240 318 292 182 181 170 258 300 217
52 4 177 259 310 240 313 257 182 171 167 256 298 201
52 4 177 259 310 242 317 260 182 173 174 260 304 213
53 4 177 259 310 240 313 264 182 171 167 254 304 201
53 4 177 263 322 244 318 265 182 179 167 254 304 213
54 4 177 259 302 236 313 265 182 171 163 254 302 201
54 4 177 259 310 240 318 280 182 173 163 262 304 209
55 4 177 263 310 240 318 253 182 171 167 254 298 197
55 4 177 263 322 240 318 264 182 171 171 260 302 213
56 4 177 259 310 236 318 269 182 179 167 254 -9 201
56 4 189 263 310 236 318 276 182 179 170 272 -9 201
57 4 177 255 302 238 313 253 182 171 167 254 304 197
57 4 181 259 306 242 313 269 182 171 174 256 304 221
58 4 177 259 306 238 313 260 182 173 170 254 -9 197
58 4 177 259 314 238 317 300 182 173 174 260 -9 205
59 4 177 255 298 236 322 249 182 171 167 256 -9 201
59 4 189 255 310 236 326 280 182 175 167 272 -9 217
60 4 181 263 310 236 313 280 182 171 167 254 300 201
60 4 189 267 314 236 313 288 182 171 167 256 304 221
61 4 177 259 302 240 313 257 182 171 167 254 300 205
61 4 181 259 310 240 317 265 182 177 174 254 302 213
62 4 177 259 310 242 318 253 182 177 167 256 302 201
62 4 177 267 310 242 322 265 182 177 167 256 302 213
63 4 189 255 -9 236 317 261 182 171 167 254 302 185
63 4 189 263 -9 238 322 300 191 171 167 266 304 197
64 4 177 263 314 238 317 276 182 171 163 254 298 197
64 4 177 271 322 240 322 280 182 187 167 256 298 197
65 4 181 259 298 240 313 261 182 171 167 254 302 197
65 4 189 259 322 240 317 265 182 171 167 254 306 213
66 4 177 259 310 238 313 269 182 171 167 256 -9 197
66 4 181 259 310 242 317 280 182 171 167 258 -9 217
67 4 177 267 302 240 317 256 182 171 167 254 300 185
67 4 181 271 310 244 318 288 182 187 167 256 304 197
68 4 181 255 302 238 313 253 182 173 167 256 300 201
68 4 181 263 310 240 326 261 182 179 167 258 306 209
69 4 177 259 306 240 318 253 182 187 163 254 298 197
69 4 177 267 310 242 318 256 182 187 167 256 304 213
70 4 177 259 298 236 313 256 182 171 167 254 304 185
70 4 177 267 322 240 318 261 182 179 167 258 306 221
71 4 177 259 298 238 317 253 182 171 167 254 300 197
71 4 189 263 310 240 318 276 182 171 170 256 302 221
72 4 177 259 306 236 318 256 182 171 167 256 300 197
72 4 181 267 348 238 318 280 182 171 170 256 302 205
73 4 177 259 306 236 313 253 182 171 167 256 302 213
73 4 177 271 310 238 318 280 182 187 167 258 304 213
74 4 177 259 302 242 318 253 182 171 167 254 302 201
74 4 181 271 322 244 322 253 182 171 167 256 302 213
75 5 177 263 310 242 313 265 182 179 178 256 300 221
75 5 177 271 318 246 313 265 182 187 178 260 304 242
76 5 177 255 310 240 313 264 182 179 167 256 -9 221
76 5 177 263 322 242 318 300 182 187 167 268 -9 221
77 5 177 263 306 238 313 268 182 171 163 260 298 209
77 5 177 263 310 240 313 296 182 179 171 260 302 213
78 5 177 259 302 238 313 264 182 179 163 254 300 221
78 5 177 263 314 248 318 300 182 187 171 254 300 236
79 5 177 259 318 238 313 264 182 179 171 254 300 205
79 5 177 263 322 240 313 292 191 179 178 256 302 205
80 5 177 267 322 238 313 264 182 173 163 254 -9 201
80 5 177 267 371 242 313 264 191 179 170 268 -9 242
81 5 177 259 302 242 313 300 182 171 167 254 298 213
81 5 189 263 371 242 318 300 182 179 178 256 300 213
82 5 177 259 318 242 313 264 182 179 159 256 300 205
82 5 189 259 318 242 318 264 182 179 178 260 302 213
83 6 177 259 306 236 301 249 182 171 167 254 300 197
83 6 177 263 314 240 318 269 182 179 170 256 302 201
84 6 177 259 298 238 313 265 182 171 167 254 302 209
84 6 181 267 310 240 322 280 185 179 167 256 304 209
85 6 181 255 302 236 318 249 182 171 163 252 300 201
85 6 185 263 306 238 322 257 182 186 170 256 302 213
86 6 177 255 286 240 313 249 182 177 167 256 300 197
86 6 181 263 322 244 322 264 191 179 203 256 304 209
87 6 177 259 302 234 313 264 182 173 159 254 300 201
87 6 185 267 306 238 318 268 182 187 163 262 300 217
88 6 177 259 306 236 301 257 179 171 167 254 300 201
88 6 181 267 306 240 318 268 182 179 170 260 302 220
89 6 177 259 302 236 313 264 182 171 167 254 300 205
89 6 177 263 306 240 322 280 182 179 182 256 302 213
90 6 189 259 310 240 313 249 182 171 159 254 302 205
90 6 189 259 363 240 313 264 182 179 167 260 302 209
91 6 177 263 298 240 313 249 182 171 159 254 300 197
91 6 189 267 302 240 322 280 182 179 182 256 302 205
92 6 177 259 286 238 313 260 182 173 159 256 300 197
92 6 185 267 306 240 318 280 182 181 163 256 300 209
93 6 177 259 298 240 317 249 182 171 159 256 300 205
93 6 189 267 314 240 318 257 182 186 174 258 302 220
94 6 177 259 302 240 313 253 182 187 167 254 302 205
94 6 177 263 310 240 322 261 182 189 203 254 306 217
95 6 177 259 310 240 313 249 182 171 159 260 302 209
95 6 181 267 375 244 313 265 182 179 167 260 304 213
96 6 181 259 306 238 313 249 182 171 167 254 300 201
96 6 185 267 306 240 313 284 182 187 194 254 302 217
97 6 177 259 306 240 301 249 182 187 167 254 300 209
97 6 189 259 363 240 318 261 185 187 167 260 300 213
98 6 177 259 306 240 313 249 182 171 159 256 298 197
98 6 189 263 363 240 318 288 182 171 194 260 300 220
99 6 177 259 286 238 318 249 182 171 163 254 300 197
99 6 185 259 314 240 318 280 182 181 174 256 302 220
100 6 177 259 286 240 313 264 182 173 167 254 300 205
100 6 189 263 306 240 313 288 182 183 174 254 302 213
101 6 177 262 302 240 313 249 182 171 159 260 302 209
101 6 189 267 375 244 317 265 182 171 167 260 302 213
102 6 177 259 302 238 313 260 182 171 194 256 300 213
102 6 181 263 359 240 322 303 185 179 211 260 304 213
103 6 177 259 306 240 313 260 182 171 159 256 300 197
103 6 189 267 314 240 318 292 182 171 174 258 302 217
104 6 189 259 306 240 301 249 182 183 167 254 300 209
104 6 189 259 363 240 313 288 185 187 167 260 300 213
105 6 177 259 298 238 313 261 182 173 182 256 302 209
105 6 189 259 359 240 317 261 185 179 207 256 306 220
106 7 177 259 298 238 318 264 182 171 163 254 298 201
106 7 177 263 298 238 318 273 182 179 170 256 300 229
107 7 177 259 298 240 309 249 182 173 171 256 302 205
107 7 189 267 379 240 313 261 182 187 171 260 304 217
108 7 177 259 286 238 317 261 182 173 167 254 300 197
108 7 189 267 318 240 318 269 182 183 174 254 300 197
109 7 177 251 306 240 313 253 182 171 163 256 298 209
109 7 177 259 359 240 322 253 191 171 167 256 302 213
110 7 177 251 306 236 313 269 182 171 167 254 300 197
110 7 177 263 322 238 313 284 182 171 170 256 306 217
111 7 177 259 310 238 313 269 182 177 167 256 300 217
111 7 181 263 314 240 317 269 182 187 178 258 304 217
112 7 189 255 298 240 313 265 182 171 167 254 300 205
112 7 189 263 314 240 317 269 185 179 167 260 304 220
113 7 177 259 310 240 317 268 182 171 167 254 302 201
113 7 189 259 363 240 317 268 182 177 170 256 304 201
114 7 177 263 302 238 313 265 182 171 163 254 300 213
114 7 177 283 314 240 318 268 182 196 170 256 304 217
115 7 177 263 298 238 318 269 185 171 159 254 300 209
115 7 177 271 310 240 318 269 185 173 170 254 302 217
116 7 177 259 302 238 318 264 182 173 182 254 300 209
116 7 181 267 318 240 322 269 182 173 182 262 302 217
117 7 177 259 310 240 313 269 182 171 170 256 298 185
117 7 181 267 314 246 317 272 191 183 211 258 302 201
118 7 177 255 298 238 313 272 182 186 159 256 300 213
118 7 189 259 310 240 317 292 185 187 170 270 302 217
119 7 177 259 298 238 313 253 182 179 170 254 300 201
119 7 181 259 310 240 313 269 182 179 174 256 304 205
120 7 177 259 286 240 317 260 185 171 167 252 304 209
120 7 189 259 310 246 318 292 188 171 190 256 304 209
121 7 177 259 310 236 317 269 182 173 190 246 298 240
121 7 177 259 314 244 318 276 188 173 211 256 302 240
122 7 177 267 314 240 313 268 182 183 167 256 300 201
122 7 189 267 318 246 313 269 185 200 170 262 300 217
123 7 177 255 298 238 313 253 182 179 167 254 302 205
123 7 177 259 310 238 313 260 182 179 170 262 304 213
124 7 177 259 302 238 313 257 182 171 167 256 300 197
124 7 177 259 302 240 313 264 182 183 171 258 302 217
125 8 177 263 298 240 313 253 182 171 167 246 300 205
125 8 181 267 318 242 313 260 182 173 190 256 300 209
126 8 177 259 298 236 313 260 182 189 167 254 -9 197
126 8 189 275 302 240 318 269 182 189 211 258 -9 205
127 8 189 255 302 238 317 260 182 171 171 256 -9 209
127 8 189 263 318 244 318 288 182 181 211 260 -9 213
128 8 177 255 298 238 313 268 182 171 167 256 -9 -9
128 8 189 259 359 240 317 292 182 187 167 256 -9 -9
129 8 181 267 298 240 313 253 182 171 167 254 300 209
129 8 189 275 318 240 318 269 182 179 178 260 306 217
130 8 177 267 298 240 313 260 182 171 167 256 300 197
130 8 189 267 318 244 313 269 182 189 171 258 300 209
131 8 177 267 298 240 313 260 182 175 211 254 300 197
131 8 177 271 306 246 313 269 182 189 215 260 304 205
132 8 181 259 318 236 313 260 182 189 167 254 306 197
132 8 189 259 318 236 318 268 182 193 167 256 306 209
133 8 177 259 298 238 313 283 182 179 167 256 300 197
133 8 189 259 359 244 317 292 182 189 215 260 302 197
134 8 177 259 286 236 313 260 182 189 167 254 300 197
134 8 177 267 318 240 313 268 182 189 211 258 302 209
135 8 177 255 318 238 313 264 182 171 159 246 298 209
135 8 177 263 359 246 318 269 182 189 167 246 300 221
136 8 181 259 318 236 313 260 182 189 167 254 306 197
136 8 189 259 318 236 318 268 182 193 167 256 306 209
137 9 177 267 310 240 317 264 182 173 166 266 300 213
137 9 177 275 310 240 318 296 182 179 167 266 302 213
138 9 177 259 302 238 313 249 182 181 167 260 300 197
138 9 177 275 310 240 318 284 182 187 167 262 300 221
139 9 177 259 314 240 309 261 182 179 163 256 300 213
139 9 189 279 363 240 313 265 182 179 170 260 306 217
140 9 177 259 302 240 318 264 182 179 167 262 300 197
140 9 177 263 310 240 318 284 182 187 190 266 300 209
141 9 177 263 310 240 318 261 182 179 159 256 300 205
141 9 177 275 314 240 322 269 191 179 167 266 302 209
142 9 177 267 310 240 318 264 182 173 166 266 300 213
142 9 177 275 310 240 318 296 182 179 167 266 302 213
143 9 177 259 310 240 313 264 182 179 159 256 300 201
143 9 177 275 330 240 318 269 191 179 166 266 300 209
144 9 177 271 359 236 313 261 182 173 167 260 302 197
144 9 181 275 363 244 313 264 182 179 167 262 304 217
145 9 177 259 286 238 318 280 182 171 167 266 300 209
145 9 177 267 310 240 318 296 182 173 171 266 302 213
146 9 177 259 310 238 317 280 182 179 167 266 300 197
146 9 177 259 326 240 318 284 191 187 167 266 300 209
147 9 177 271 286 236 313 264 182 171 163 260 300 209
147 9 181 275 359 240 313 284 182 173 167 262 300 217
148 9 177 255 -9 236 313 264 182 173 167 262 300 213
148 9 181 259 -9 238 317 296 191 187 211 270 302 217
149 9 177 263 326 240 313 261 182 171 163 258 300 197
149 9 177 271 359 244 317 284 182 179 167 262 304 209
150 9 177 263 314 240 313 249 182 177 171 256 300 209
150 9 177 275 326 240 313 272 182 184 190 266 304 213
151 9 177 275 286 238 313 249 182 179 163 260 300 209
151 9 177 275 302 240 317 249 191 181 167 266 306 221
152 9 177 259 286 238 313 276 182 171 171 262 300 209
152 9 177 259 314 238 317 284 191 179 171 262 306 209
153 9 177 259 286 238 322 257 182 179 159 254 302 205
153 9 177 263 286 240 322 311 182 179 167 256 302 213
154 9 177 271 286 236 313 264 182 171 163 258 300 209
154 9 177 275 326 240 317 284 182 173 167 270 300 217
155 9 177 263 314 240 317 276 182 171 182 260 300 201
155 9 177 263 359 240 322 284 182 171 190 262 302 209
156 9 177 255 286 236 313 249 191 173 163 260 300 209
156 9 177 275 310 238 313 264 191 181 211 262 300 213
157 9 177 259 318 240 313 269 182 177 166 254 304 205
157 9 189 287 326 240 322 269 185 189 174 260 306 209
158 9 177 263 314 240 313 257 182 171 167 256 300 201
158 9 177 267 359 240 317 264 182 179 174 260 300 209
159 9 177 259 286 238 317 284 182 173 167 262 300 201
159 9 177 263 306 240 318 284 182 177 167 266 300 201
160 9 177 263 286 240 313 249 182 179 167 260 300 197
160 9 177 275 302 240 318 284 182 181 167 266 306 221
161 9 177 259 306 238 313 284 182 179 167 262 300 201
161 9 177 263 310 240 317 296 191 181 167 270 300 213
162 10 189 259 310 236 313 269 182 171 167 254 300 205
162 10 189 259 326 244 317 288 182 187 171 254 306 213
163 10 177 259 314 236 318 288 182 184 163 256 300 201
163 10 177 259 352 240 322 292 182 196 163 256 302 220
164 10 177 259 310 240 313 257 182 173 163 256 300 197
164 10 189 267 322 240 322 257 182 177 163 266 306 205
165 10 177 259 286 238 317 257 182 173 167 260 300 209
165 10 177 263 314 240 318 292 182 187 182 262 300 240
166 10 181 259 306 238 309 265 182 179 167 254 298 213
166 10 189 263 322 240 313 292 182 200 167 256 300 221
167 10 177 259 302 240 313 265 182 179 167 256 302 209
167 10 177 267 302 240 313 300 182 181 167 256 304 217
168 10 189 259 306 240 313 256 182 171 167 254 300 197
168 10 189 259 310 240 318 261 182 171 170 256 302 209
169 10 177 267 306 240 309 265 182 181 167 254 302 209
169 10 189 271 318 242 313 288 185 183 170 260 304 209
170 10 181 255 286 240 313 261 182 173 167 254 298 185
170 10 189 271 306 242 318 261 182 179 170 258 306 213
171 10 177 255 318 236 313 261 182 173 167 246 298 201
171 10 177 267 322 236 313 268 185 191 174 256 306 201
172 10 177 255 306 240 317 284 182 179 163 254 300 197
172 10 177 259 330 240 317 292 182 187 167 266 304 209
173 10 177 255 310 238 317 249 182 177 159 254 300 197
173 10 189 259 310 240 322 276 182 187 167 258 304 213
174 10 177 259 302 236 313 249 182 181 163 254 300 -9
174 10 177 263 310 242 313 261 182 186 163 256 300 -9
175 10 177 259 298 238 313 264 182 171 167 246 306 201
175 10 177 263 306 240 314 273 182 187 167 258 306 213
176 10 177 259 310 238 313 265 182 171 167 254 300 205
176 10 181 259 310 240 322 265 182 187 223 266 304 220
177 10 177 259 286 240 313 265 182 175 167 260 306 201
177 10 177 259 326 240 318 269 182 187 167 260 306 213
178 10 173 263 306 238 313 257 182 179 163 260 302 205
178 10 173 263 310 242 322 292 182 179 170 262 304 213
179 10 181 263 326 240 313 256 182 179 167 260 298 209
179 10 189 263 326 240 317 280 182 181 174 264 300 217
180 10 177 259 298 240 313 253 182 171 167 254 300 213
180 10 181 263 310 240 322 261 182 173 167 256 306 240
181 10 177 259 286 240 313 273 182 173 167 254 298 209
181 10 177 259 286 240 313 276 185 177 174 256 306 209
182 10 177 255 302 236 313 268 182 171 163 246 300 201
182 10 189 263 306 240 317 272 182 179 163 256 304 217
183 10 177 263 286 238 317 253 182 171 167 254 302 201
183 10 177 263 286 238 318 265 182 179 167 254 302 213
184 10 177 259 286 238 313 261 182 171 167 254 298 209
184 10 177 259 367 240 318 292 182 171 182 260 300 233
185 10 177 259 314 236 313 264 182 171 167 256 302 197
185 10 177 263 326 240 313 265 182 187 186 258 304 201
186 10 177 259 302 240 309 249 182 171 163 254 304 197
186 10 189 267 302 246 313 264 185 179 163 256 304 220
187 10 177 259 310 240 313 249 182 171 167 254 300 185
187 10 189 263 310 240 317 257 182 171 170 256 306 213
188 10 177 259 298 240 313 257 182 171 163 260 300 197
188 10 189 263 314 240 313 261 182 171 167 266 302 205
189 10 189 263 310 240 322 257 182 171 167 258 -9 209
189 10 189 263 314 240 322 268 185 179 174 266 -9 213
190 11 177 259 314 238 313 261 182 171 167 254 300 205
190 11 177 263 359 242 313 265 182 173 167 260 302 213
191 11 177 263 286 238 313 249 182 179 190 254 300 213
191 11 177 263 318 240 318 269 185 179 190 256 306 213
192 11 177 259 314 240 317 269 182 171 159 254 300 201
192 11 177 263 375 240 318 288 185 179 163 254 304 236
193 11 177 271 314 238 313 261 182 173 167 254 300 201
193 11 189 271 318 242 317 265 182 181 167 256 300 213
194 11 177 255 314 238 313 261 182 171 167 254 300 201
194 11 177 271 318 242 313 288 182 181 167 260 304 217
195 11 177 255 318 238 313 261 182 171 167 254 300 205
195 11 177 267 326 240 318 265 182 171 167 256 304 236
196 11 177 255 302 242 313 249 182 183 167 256 300 197
196 11 185 259 306 242 318 264 182 198 170 256 300 201
197 11 177 251 318 238 313 265 182 171 167 254 300 197
197 11 181 259 375 242 322 268 182 196 170 256 302 205
198 11 177 259 310 -9 -9 265 182 171 159 260 300 213
198 11 177 259 318 -9 -9 272 182 173 167 262 306 236
199 11 177 259 318 240 313 265 182 171 159 256 302 185
199 11 177 259 326 240 313 265 182 196 163 256 304 217
200 11 177 259 298 238 313 265 182 171 170 256 300 213
200 11 189 259 310 244 317 292 182 171 174 256 306 221
201 11 177 259 314 240 317 264 182 171 167 254 302 197
201 11 189 263 314 246 322 268 182 171 167 268 304 213
202 11 177 259 306 238 313 257 182 175 163 254 298 221
202 11 177 271 314 240 318 265 182 198 167 254 300 236
203 11 177 259 302 238 317 268 182 173 159 256 300 213
203 11 189 267 318 238 322 272 182 187 190 260 304 221
204 11 177 267 314 240 318 260 182 171 163 254 300 201
204 11 177 271 330 242 318 276 182 179 171 254 302 201
205 11 177 259 314 240 318 269 182 171 159 254 300 201
205 11 177 263 375 240 318 288 185 179 163 254 304 236
206 11 177 255 314 238 313 265 -9 171 167 254 300 205
206 11 177 271 318 238 318 288 -9 181 167 260 300 217
207 11 177 263 306 236 313 257 182 171 167 254 300 197
207 11 177 267 314 240 313 265 182 189 167 268 300 209
208 11 177 255 286 238 313 261 182 173 167 256 304 213
208 11 189 255 302 240 322 300 185 198 167 262 306 221
209 11 177 259 298 238 317 264 182 173 167 254 300 185
209 11 189 263 318 238 318 292 182 179 211 256 302 217
210 11 177 259 306 238 313 261 182 171 167 256 300 201
210 11 189 263 310 240 317 288 182 173 171 258 304 213
211 11 177 259 314 236 317 261 182 173 163 254 300 201
211 11 189 263 314 238 322 265 182 196 207 258 302 205
212 11 177 255 310 240 313 264 182 171 167 254 300 205
212 11 181 259 318 240 317 268 182 196 167 262 306 213
213 11 177 255 310 240 313 264 182 196 167 254 304 213
213 11 181 259 310 240 317 268 182 196 167 262 306 213
214 11 177 259 310 240 313 257 182 171 163 256 302 217
214 11 177 259 318 240 313 265 185 181 167 262 304 217
215 11 177 255 314 236 313 265 182 171 167 254 300 209
215 11 181 259 318 238 313 296 182 171 171 254 300 236
216 11 177 259 286 240 313 288 182 171 167 256 300 201
216 11 177 259 306 242 313 292 182 187 167 256 306 221
217 11 177 259 302 240 313 265 182 179 178 254 300 201
217 11 177 259 375 242 318 292 182 181 190 256 304 213
218 11 177 263 318 236 313 260 182 171 167 246 300 213
218 11 189 267 375 242 317 268 182 179 170 254 306 217
219 12 177 267 302 240 313 261 182 179 167 260 300 209
219 12 177 267 371 240 322 284 185 187 167 262 300 217
220 12 177 259 334 240 313 260 182 179 167 246 300 197
220 12 181 271 379 246 313 265 182 202 207 256 300 213
221 12 177 263 302 240 313 268 182 171 170 254 300 197
221 12 181 263 302 244 313 268 182 179 211 262 300 201
222 12 177 255 326 240 313 257 182 173 163 256 300 197
222 12 189 259 334 242 318 264 185 184 170 258 300 217
223 12 177 259 302 240 313 261 182 173 163 254 302 209
223 12 177 263 318 242 322 268 185 187 167 264 306 217
224 12 177 259 310 240 313 249 182 179 174 256 300 197
224 12 185 271 356 240 313 264 185 187 186 260 304 209
225 12 177 267 310 238 313 261 182 187 170 254 300 205
225 12 177 271 318 240 318 269 182 188 170 254 306 213
226 12 177 259 306 240 317 264 182 -9 167 258 300 213
226 12 177 263 306 242 318 276 182 -9 171 260 300 242
227 13 177 259 302 240 313 253 182 181 163 256 298 209
227 13 189 259 322 240 318 265 182 198 170 272 306 217
228 13 177 263 306 238 313 261 182 173 159 254 302 209
228 13 177 267 314 240 317 280 182 196 167 254 306 213
229 13 177 259 286 240 309 -9 182 171 167 256 300 209
229 13 177 263 318 240 318 -9 182 181 167 258 302 236
230 13 177 259 310 238 313 257 182 171 163 256 302 197
230 13 177 263 318 238 318 261 185 179 171 256 302 201
231 13 181 259 318 238 313 288 182 171 163 254 300 201
231 13 189 263 322 246 317 292 182 187 167 268 302 217
232 13 177 259 314 240 313 256 182 171 167 256 300 213
232 13 189 263 326 244 317 269 182 171 174 256 306 217
233 13 177 263 306 238 313 260 182 171 167 254 300 209
233 13 177 271 310 240 322 269 182 181 170 256 300 217
234 13 177 259 310 238 313 261 182 171 167 260 302 197
234 13 181 259 359 240 313 265 182 179 167 260 304 205
235 13 177 251 298 238 313 261 182 171 167 262 300 197
235 13 189 263 298 240 318 273 182 171 203 268 300 201
236 13 177 259 298 238 313 257 182 179 167 254 300 213
236 13 185 267 359 240 318 269 185 181 170 256 300 217
237 13 177 259 310 242 313 253 182 171 167 256 300 201
237 13 189 263 314 244 314 261 182 177 190 260 302 213
238 13 177 267 290 236 313 253 182 171 167 254 302 185
238 13 177 279 314 238 322 264 182 173 167 268 306 217
239 13 177 263 286 236 313 256 182 171 167 254 298 213
239 13 189 267 306 242 317 265 182 171 170 254 300 217
240 13 177 263 322 238 317 269 182 179 163 256 300 197
240 13 177 267 363 242 318 276 182 196 167 256 304 213
241 13 177 259 318 238 318 253 182 171 167 260 300 197
241 13 177 259 359 240 322 265 182 179 170 260 302 201
242 13 177 259 318 240 309 257 182 171 163 254 300 201
242 13 181 267 322 240 318 284 182 171 163 254 304 209
243 13 177 267 302 240 313 260 182 179 163 258 300 213
243 13 177 267 306 240 322 280 182 179 167 260 302 217
244 13 177 255 302 238 313 260 182 173 167 256 298 213
244 13 177 259 314 246 318 283 182 196 194 260 304 217
245 13 177 259 286 240 313 272 182 179 174 254 300 197
245 13 177 259 314 240 318 288 185 179 174 262 302 217
246 13 177 255 306 240 313 261 182 175 163 254 300 201
246 13 177 259 310 240 317 276 191 175 167 254 300 236
247 13 177 259 286 236 317 265 182 171 174 250 300 213
247 13 185 259 286 240 318 268 182 179 203 256 306 225
248 13 177 255 306 236 313 256 182 171 163 252 302 205
248 13 177 259 306 238 317 269 182 171 163 254 302 217
249 13 177 259 302 240 313 264 182 194 167 254 300 201
249 13 177 259 318 240 317 265 182 196 170 256 306 205
250 13 177 259 318 238 313 260 182 179 167 254 300 201
250 13 189 263 318 240 317 269 182 179 203 256 304 213
251 13 177 259 310 238 313 249 182 171 163 254 300 213
251 13 185 259 314 240 317 296 182 196 167 266 306 236
252 13 181 259 306 238 309 265 182 173 159 254 300 213
252 13 189 267 314 240 313 284 182 179 171 260 302 240
253 13 177 267 310 236 313 261 182 177 163 256 300 213
253 13 177 267 314 238 322 276 182 179 190 260 304 217
254 14 177 259 286 240 313 257 182 171 163 254 300 205
254 14 189 263 318 244 313 261 185 175 170 256 302 213
255 14 177 267 302 238 318 257 182 171 163 254 300 201
255 14 177 279 318 238 322 272 182 183 166 254 306 213
256 14 177 259 286 238 313 265 182 183 159 256 300 205
256 14 177 267 359 240 313 272 182 189 159 256 300 213
257 14 177 259 302 238 317 249 182 179 159 254 302 201
257 14 189 271 322 242 318 264 185 198 167 256 306 213
258 14 177 263 306 238 313 257 182 173 170 260 300 185
258 14 177 271 318 244 318 288 191 175 174 260 300 205
259 14 177 263 302 240 301 253 182 179 163 246 304 -9
259 14 177 283 326 240 322 265 185 179 170 254 304 -9
260 14 177 255 302 238 313 257 182 179 167 256 300 197
260 14 189 255 306 238 317 265 182 189 174 258 302 213
261 14 177 259 302 238 313 264 182 171 163 254 298 205
261 14 189 263 310 242 322 276 182 179 167 256 302 221
262 14 177 263 302 236 318 261 182 173 167 256 306 221
262 14 181 271 306 238 322 261 185 189 170 260 306 221
263 14 177 259 359 238 317 272 182 173 163 256 300 221
263 14 177 259 359 240 318 272 182 181 167 256 302 225
264 14 177 263 310 238 317 296 182 186 170 254 304 185
264 14 177 271 314 240 322 296 185 187 170 254 306 197
265 14 177 259 318 240 313 257 182 171 163 254 300 197
265 14 177 263 318 240 317 288 185 175 167 254 302 201
266 14 177 259 310 240 313 265 182 171 171 254 304 221
266 14 177 267 318 240 313 265 182 181 203 256 306 221
267 14 177 259 306 238 318 265 182 171 170 256 304 213
267 14 177 263 314 240 322 265 182 173 211 258 306 221
268 14 177 271 310 238 313 256 182 179 166 254 302 205
268 14 177 271 318 240 317 272 182 179 170 258 304 221
269 14 177 267 310 238 317 257 182 175 170 254 298 197
269 14 189 271 363 240 322 284 182 179 170 254 302 217
270 14 177 255 302 240 317 253 182 179 163 252 304 197
270 14 177 283 375 244 322 261 185 181 163 256 306 205
271 14 177 263 286 238 313 268 182 173 174 256 304 213
271 14 177 271 306 240 322 272 182 179 174 260 306 221
272 14 177 255 310 238 317 276 182 171 163 254 300 205
272 14 185 271 356 240 322 288 185 183 174 256 302 205
273 15 177 263 302 236 313 264 182 171 159 246 300 185
273 15 189 263 306 240 317 264 182 175 167 254 304 221
274 15 177 255 298 240 313 260 182 173 167 254 302 185
274 15 189 259 302 240 313 260 182 179 203 254 306 221
275 15 189 247 298 236 313 253 182 179 159 256 300 201
275 15 189 259 359 236 317 284 182 187 170 260 302 201
276 15 177 263 294 240 313 257 182 171 167 254 298 205
276 15 189 267 318 240 322 265 185 179 167 254 300 213
277 15 181 259 298 236 313 -9 182 179 167 246 300 209
277 15 189 263 314 238 318 -9 191 189 211 256 306 217
278 15 177 255 298 240 313 253 182 171 159 254 300 197
278 15 177 267 302 240 313 276 182 179 170 256 300 201
279 15 177 259 286 240 301 253 182 171 167 258 -9 201
279 15 189 263 286 240 318 269 182 171 194 260 -9 205
280 15 177 259 306 240 313 265 182 171 163 246 300 213
280 15 177 259 306 240 317 272 182 171 163 256 300 213
281 15 177 263 290 236 313 264 182 171 159 246 300 213
281 15 189 267 302 238 317 264 182 171 194 254 300 221
282 15 177 259 302 238 313 276 182 173 167 246 -9 209
282 15 177 263 318 240 313 292 182 181 171 256 -9 217
283 15 177 259 286 238 313 265 182 171 159 246 298 217
283 15 177 263 302 242 317 272 182 173 167 256 304 217
284 15 177 267 286 240 301 253 182 171 174 254 300 205
284 15 189 271 348 240 318 260 182 175 174 256 304 213
285 15 177 255 306 238 313 265 182 179 163 254 300 197
285 15 177 255 310 240 318 265 182 186 163 254 306 209
286 15 181 259 302 240 318 260 182 171 182 254 300 205
286 15 189 263 302 244 318 284 182 187 211 256 300 213
287 15 177 259 298 240 313 256 182 179 167 254 304 201
287 15 181 263 318 240 317 276 182 181 203 260 306 213
288 15 177 255 318 234 301 264 182 171 178 246 300 209
288 15 177 267 363 240 313 276 182 171 190 254 302 221
289 15 177 259 298 238 313 260 182 171 167 254 302 201
289 15 181 267 314 240 318 276 182 196 203 254 306 213
290 15 177 263 348 240 313 276 182 171 167 246 300 213
290 15 189 271 356 240 313 276 182 173 170 256 302 217
291 15 177 259 302 240 313 265 182 177 167 256 298 209
291 15 181 263 306 240 318 276 182 189 174 256 302 213
292 15 181 263 298 238 313 260 182 179 167 256 300 221
292 15 189 263 356 240 313 276 182 181 170 260 304 221
293 15 177 259 318 238 313 260 182 171 163 256 298 197
293 15 181 259 371 240 313 265 191 179 167 256 302 213
294 15 189 255 302 240 313 268 182 179 163 256 300 205
294 15 189 259 302 240 318 276 182 187 194 260 302 217
295 16 177 255 286 234 313 261 182 179 167 254 -9 205
295 16 185 263 306 240 318 276 182 186 190 260 -9 236
296 16 177 255 286 240 317 261 182 179 143 252 300 213
296 16 177 259 306 240 317 265 191 183 190 276 304 217
297 16 177 259 306 240 313 261 182 171 163 254 304 197
297 16 189 263 318 240 317 268 182 179 190 254 304 221
298 16 177 255 302 240 314 268 182 171 171 254 298 185
298 16 177 263 302 240 318 288 185 171 186 254 306 213
299 16 177 259 306 240 313 253 182 179 159 254 300 201
299 16 177 259 314 240 313 292 182 192 171 256 304 217
300 16 189 263 306 236 317 268 185 168 167 256 300 185
300 16 189 267 314 244 317 292 191 171 170 276 302 185
301 16 177 259 310 238 313 264 182 171 159 254 300 205
301 16 177 271 314 244 317 292 182 186 163 256 304 217
302 16 177 255 302 238 317 265 182 171 190 254 -9 197
302 16 177 263 306 244 317 292 182 192 203 254 -9 213
303 16 177 255 302 240 313 256 182 171 171 260 302 209
303 16 181 259 302 244 313 272 182 179 203 276 308 213
304 16 177 255 302 234 317 256 182 179 159 254 300 185
304 16 177 263 314 240 317 288 182 186 170 262 308 209
305 16 177 255 290 -9 -9 266 182 171 167 254 302 201
305 16 181 255 302 -9 -9 288 182 171 170 262 308 220
306 16 177 255 302 238 313 257 182 168 203 254 304 209
306 16 177 259 314 244 313 272 182 179 203 260 304 213
307 16 177 259 302 238 313 261 182 171 167 254 300 225
307 16 177 263 359 238 313 265 182 177 171 260 300 225
308 16 177 271 306 240 313 272 182 171 159 254 298 197
308 16 189 275 306 240 318 272 185 186 167 256 304 217
309 16 177 247 302 240 313 260 182 171 167 256 298 185
309 16 177 255 306 240 313 268 182 196 167 256 306 197
310 16 189 255 302 234 313 265 182 168 203 258 302 185
310 16 189 263 306 240 317 288 182 171 203 258 302 209
311 16 177 263 302 234 318 260 182 173 159 254 298 197
311 16 177 263 306 240 318 288 182 181 178 256 306 213
312 16 177 259 302 234 313 256 182 171 159 256 302 209
312 16 177 267 302 240 318 280 182 179 171 276 304 209
313 16 177 267 294 240 313 260 182 171 159 252 298 197
313 16 177 271 306 242 313 269 185 189 171 258 306 225
314 16 177 255 302 240 313 256 182 171 159 254 304 205
314 16 177 275 302 240 313 265 182 179 167 270 304 221
315 16 177 255 -9 240 313 253 182 179 159 260 302 205
315 16 189 263 -9 242 317 268 182 192 167 270 306 220
316 16 177 255 302 236 313 256 182 171 167 256 302 209
316 16 177 267 314 244 317 296 182 171 167 260 308 221
317 16 177 255 306 240 313 256 182 171 167 254 -9 197
317 16 177 255 318 240 313 292 182 196 170 254 -9 225
318 16 177 259 314 238 313 288 182 189 171 256 298 217
318 16 177 275 359 240 313 292 182 192 182 260 300 217
319 16 177 255 306 236 313 292 182 177 163 256 304 205
319 16 189 263 306 238 317 292 185 192 167 256 306 217
320 16 177 258 306 240 313 261 182 171 163 254 300 205
320 16 177 259 314 242 313 272 185 171 207 260 300 213
321 16 177 263 302 234 313 260 182 173 159 256 298 197
321 16 177 267 302 234 317 268 185 175 163 270 304 197
322 16 177 259 302 240 313 265 185 177 167 258 300 185
322 16 189 267 363 240 317 268 185 186 174 260 308 221
323 16 189 259 306 238 313 261 182 177 159 256 -9 185
323 16 189 263 306 242 318 292 185 179 167 276 -9 217
324 16 177 255 302 240 313 256 182 171 170 254 300 197
324 16 177 259 306 240 317 261 182 192 171 258 304 225
325 16 177 263 302 -9 313 261 182 171 163 254 -9 -9
325 16 189 263 306 -9 318 261 185 171 167 260 -9 -9
326 16 177 263 306 234 313 288 182 179 178 254 306 213
326 16 177 271 306 240 318 292 185 181 194 258 306 213
327 16 189 259 306 234 313 261 182 177 159 260 304 -9
327 16 189 263 306 242 313 272 185 179 171 276 304 -9
328 17 177 259 306 240 313 280 182 171 159 254 -9 213
328 17 177 263 306 242 317 288 182 181 182 254 -9 213
329 17 177 259 294 240 313 261 182 168 167 254 -9 213
329 17 177 263 310 240 322 272 182 196 170 256 -9 213
330 17 177 263 306 240 313 260 182 181 163 254 298 201
330 17 181 263 310 240 318 269 191 183 182 258 302 205
331 17 177 259 302 240 313 256 182 171 163 246 -9 205
331 17 177 267 306 242 313 276 182 173 178 258 -9 236
332 17 177 259 302 240 317 272 182 171 163 246 300 205
332 17 189 267 306 240 318 272 182 198 167 260 304 221
333 17 181 259 306 240 313 276 182 179 170 246 300 201
333 17 181 267 318 240 317 276 182 186 175 246 308 213
334 17 177 251 302 240 317 256 182 198 163 254 304 201
334 17 177 263 306 240 318 292 182 198 174 256 306 217
335 17 177 259 306 240 313 256 182 171 143 246 300 201
335 17 181 259 318 244 317 265 182 181 167 254 300 213
336 17 177 259 298 240 313 264 182 171 159 254 300 201
336 17 177 263 306 240 317 280 185 181 178 256 304 213
337 17 181 259 282 240 317 256 182 171 166 254 300 209
337 17 181 259 302 244 322 280 182 171 178 254 302 213
338 17 177 251 286 240 313 272 182 171 174 246 300 213
338 17 177 259 306 240 318 280 185 173 203 254 306 236
339 17 177 263 310 240 313 268 182 171 163 252 304 205
339 17 189 271 318 242 317 272 182 179 174 256 306 221
340 17 177 259 302 240 313 272 182 181 143 254 306 197
340 17 189 259 302 242 313 292 182 187 170 254 308 221
341 17 177 255 302 240 313 256 182 177 163 246 304 197
341 17 177 267 302 240 317 265 182 179 167 258 306 205
342 17 177 251 306 240 313 260 182 171 171 254 300 213
342 17 177 259 306 240 313 276 182 171 182 258 304 213
343 17 177 259 302 240 313 276 182 171 143 246 300 201
343 17 177 259 310 240 317 292 182 181 170 254 308 221
344 17 177 259 282 240 317 272 182 179 163 254 300 205
344 17 177 267 306 240 317 272 182 198 215 254 304 221
345 17 177 255 298 238 313 264 182 -9 182 248 300 197
345 17 181 255 359 240 322 269 182 -9 215 256 302 197
346 17 177 259 302 240 313 272 182 179 163 254 304 197
346 17 189 263 310 242 322 280 182 187 170 256 306 205
347 17 177 259 282 240 313 261 182 173 163 254 304 221
347 17 177 263 298 240 314 276 182 181 167 256 306 236
348 17 177 263 302 240 313 260 182 179 170 246 298 197
348 17 177 263 322 240 318 292 182 198 178 258 300 205
349 17 177 259 302 240 317 261 182 179 143 246 300 197
349 17 189 267 318 242 317 283 182 181 174 256 306 197
350 18 177 259 310 238 313 276 182 171 163 254 300 201
350 18 177 263 367 240 322 276 182 171 203 258 304 205
351 18 177 263 286 240 313 265 182 177 167 254 300 193
351 18 177 263 302 244 313 268 182 179 190 254 306 244
352 18 177 251 314 240 313 276 182 171 143 254 304 221
352 18 177 255 379 240 317 276 182 171 159 254 304 236
353 18 177 255 302 240 313 269 182 179 171 254 300 185
353 18 189 263 306 242 317 276 182 186 174 258 304 217
354 18 177 259 286 240 313 260 182 181 159 254 -9 213
354 18 181 259 318 240 314 269 182 186 167 258 -9 217
355 18 177 263 286 240 313 265 182 177 167 252 -9 193
355 18 177 263 302 244 313 268 182 179 190 254 -9 244
356 18 177 255 302 238 313 288 182 190 171 254 298 201
356 18 185 259 310 238 317 292 182 198 174 254 300 205
357 18 177 251 302 240 313 264 182 187 171 254 300 197
357 18 189 259 367 242 322 280 182 187 203 254 306 217
358 18 177 259 302 240 317 261 182 179 143 254 -9 205
358 18 185 259 322 240 322 268 185 189 143 260 -9 209
359 18 185 259 306 238 313 260 182 179 167 254 -9 213
359 18 185 263 310 240 317 269 182 186 171 254 -9 217
360 18 177 263 314 236 313 272 182 171 167 254 300 201
360 18 189 271 322 240 313 276 182 186 203 260 300 221
361 18 181 251 302 240 317 269 182 171 167 254 300 217
361 18 185 259 318 240 322 269 182 173 170 254 302 221
362 18 177 259 286 238 313 268 182 168 167 256 298 213
362 18 177 267 322 240 322 268 182 171 171 258 306 217
363 18 177 259 302 238 317 265 182 171 170 254 300 205
363 18 189 259 310 240 317 288 182 171 171 260 308 205
364 18 177 259 286 238 313 268 182 171 203 254 300 185
364 18 177 263 302 238 318 276 185 181 215 260 304 217
365 18 177 255 302 238 313 253 182 171 159 254 300 201
365 18 177 259 367 242 322 276 182 187 174 254 306 213
366 18 177 259 286 238 313 264 182 171 170 254 300 197
366 18 177 267 306 240 313 296 182 171 174 260 300 217
367 18 177 259 302 238 313 276 182 173 163 254 -9 217
367 18 177 263 302 238 317 276 182 186 174 260 -9 221
368 18 177 263 306 240 313 268 182 171 167 256 300 201
368 18 189 271 314 242 313 276 182 177 167 260 304 217
369 18 177 255 286 236 318 283 182 168 167 254 304 201
369 18 177 263 302 240 318 292 182 171 171 254 306 201
370 18 177 263 286 240 313 268 182 173 163 254 304 185
370 18 177 271 306 242 317 268 182 173 167 254 304 209
371 18 177 259 302 240 313 265 182 171 167 258 -9 205
371 18 177 271 322 242 317 265 182 183 171 260 -9 213
372 18 177 251 302 240 313 269 182 171 167 258 -9 205
372 18 189 259 318 240 317 276 182 177 170 264 -9 213
373 18 177 267 306 240 313 257 182 171 170 254 300 217
373 18 189 271 363 240 322 264 182 171 174 260 302 217
374 18 177 255 286 240 313 276 182 171 143 254 298 201
374 18 189 259 318 240 322 283 182 179 166 254 300 217
375 18 177 251 302 240 313 260 182 171 159 254 300 197
375 18 177 255 306 242 322 280 185 173 167 258 306 217
376 18 177 259 314 236 313 268 182 171 167 254 300 201
376 18 177 271 314 240 322 300 182 171 199 254 304 209
377 18 177 251 306 240 317 257 182 168 167 254 300 201
377 18 189 271 306 240 322 257 182 171 174 254 304 217
378 18 177 259 302 240 313 268 182 168 167 252 304 213
378 18 177 263 322 242 313 296 182 177 167 258 306 213
379 18 177 259 302 240 313 257 182 171 167 254 298 221
379 18 189 263 302 240 317 268 182 177 199 260 304 236
380 19 185 259 306 240 313 257 182 171 167 252 298 193
380 19 185 263 379 240 322 260 182 186 167 254 300 221
381 19 177 259 286 240 313 276 182 171 163 254 298 197
381 19 177 271 302 240 313 292 185 177 199 270 304 236
382 19 177 263 302 236 318 257 182 171 167 248 300 201
382 19 185 271 314 238 322 268 191 179 174 256 306 213
383 19 177 259 302 236 313 260 182 171 159 256 304 197
383 19 177 263 306 240 322 276 182 171 170 270 306 201
384 19 181 251 306 238 317 264 182 198 143 246 300 197
384 19 185 259 363 240 318 268 182 198 203 254 304 213
385 19 185 259 286 242 313 253 182 181 159 254 300 193
385 19 189 267 310 244 317 257 182 190 163 258 304 213
386 19 177 259 286 238 313 260 182 171 170 254 304 193
386 19 189 271 302 240 313 296 185 171 171 270 306 217
387 19 185 259 302 236 313 256 182 171 167 254 -9 209
387 19 185 259 318 236 322 272 182 186 170 260 -9 221
388 19 177 271 302 236 313 268 185 171 163 254 302 193
388 19 185 271 310 240 318 288 191 177 167 256 304 201
389 19 177 255 367 236 313 260 182 173 170 254 300 213
389 19 177 271 379 240 318 276 182 177 170 254 306 236
390 19 177 259 302 240 313 268 182 177 171 254 300 201
390 19 181 259 310 242 317 283 182 186 199 258 304 236
391 19 177 251 286 240 313 264 182 171 167 -9 -9 201
391 19 177 255 306 240 317 276 185 187 170 -9 -9 213
392 19 177 259 310 236 313 261 182 171 163 254 -9 209
392 19 185 271 310 238 318 261 182 181 167 256 -9 229
393 19 177 259 306 238 309 268 182 171 167 252 300 197
393 19 181 259 363 240 313 272 182 171 203 252 300 217
394 19 177 255 286 240 313 264 182 186 171 252 300 213
394 19 185 259 302 240 313 283 182 198 171 258 308 217
395 19 177 259 306 238 313 269 182 177 167 254 300 217
395 19 189 267 314 242 322 288 182 186 170 254 300 221
396 19 177 255 286 238 317 253 182 171 170 254 298 197
396 19 185 263 310 240 318 260 185 186 203 258 300 197
397 19 185 259 314 238 313 260 182 187 167 254 300 201
397 19 189 267 363 238 322 269 182 190 170 254 304 209
398 19 177 251 306 240 313 253 182 171 170 256 304 197
398 19 189 259 363 240 313 260 182 173 171 256 306 213
399 19 177 259 310 240 318 276 182 171 167 246 304 193
399 19 177 267 318 240 322 276 182 181 203 252 304 197
400 19 177 259 306 240 313 264 182 171 203 258 300 197
400 19 177 259 322 242 317 272 182 171 203 258 300 201
401 19 177 259 286 236 317 276 182 186 167 246 298 197
401 19 189 259 286 240 322 276 182 189 203 254 304 213
402 19 181 259 286 240 313 264 182 171 163 254 304 197
402 19 185 259 286 240 313 272 182 179 170 254 306 213
403 19 177 259 306 242 313 276 182 171 163 248 -9 197
403 19 177 259 306 244 322 276 185 183 203 254 -9 217
404 19 177 259 286 240 313 260 182 171 167 252 300 197
404 19 189 271 302 240 313 260 182 173 170 254 304 205
405 19 177 251 302 238 313 269 182 171 170 254 304 197
405 19 177 263 306 240 313 296 182 183 203 254 304 217
406 19 177 251 302 238 313 276 182 189 171 254 300 205
406 19 189 259 306 240 313 276 182 198 182 260 302 217
407 19 177 255 286 240 317 253 182 171 163 252 300 217
407 19 189 263 306 240 322 269 182 173 163 254 304 236
408 20 177 259 286 240 313 260 182 171 171 254 300 -9
408 20 189 259 314 242 313 260 182 173 203 254 300 -9
409 20 177 251 314 240 313 268 182 171 167 254 300 213
409 20 181 259 367 240 313 269 182 184 203 258 306 217
410 20 177 259 286 238 317 260 182 179 159 260 300 221
410 20 177 263 286 240 322 269 185 186 203 264 306 236
411 20 177 259 302 236 317 260 182 171 159 254 304 201
411 20 181 263 314 240 317 276 182 183 203 260 306 221
412 20 177 251 294 238 313 265 182 171 167 254 306 -9
412 20 177 259 314 238 318 269 182 173 170 258 308 -9
413 20 177 259 294 238 318 264 182 171 182 254 298 205
413 20 177 259 306 242 322 264 182 181 203 254 302 213
414 20 177 255 286 238 313 276 185 171 170 254 300 197
414 20 181 259 306 242 318 280 191 183 170 256 300 205
415 20 177 263 294 240 313 260 182 171 170 256 298 205
415 20 185 263 306 242 318 283 185 173 174 260 300 213
416 20 177 251 302 236 313 256 182 171 203 254 298 197
416 20 189 251 363 236 322 269 182 171 215 254 304 209
417 20 177 263 286 236 313 260 182 179 170 254 300 185
417 20 189 263 286 238 318 260 182 198 203 254 306 197
418 20 177 263 286 240 313 268 182 179 182 254 300 201
418 20 185 263 302 240 313 283 182 179 203 256 304 217
419 20 177 251 302 238 313 265 185 171 159 254 300 193
419 20 177 259 310 238 313 269 185 186 170 260 304 205
420 20 177 263 302 236 313 257 182 171 159 248 -9 201
420 20 181 263 306 242 313 276 191 171 174 254 -9 213
421 20 177 259 306 236 313 260 182 171 170 256 304 205
421 20 185 263 314 238 317 272 191 198 203 260 306 221
422 20 177 259 286 240 317 260 182 171 203 254 298 213
422 20 177 259 294 242 318 264 182 186 203 254 306 213
423 20 177 259 286 238 313 265 182 171 171 256 300 -9
423 20 177 263 294 240 322 283 185 179 182 258 306 -9
424 20 177 259 286 238 317 268 182 198 182 254 300 197
424 20 177 263 314 238 318 269 185 198 203 254 306 213
425 20 177 255 294 238 317 260 182 181 174 254 300 193
425 20 189 259 306 240 322 264 182 186 182 254 302 205
426 20 189 259 314 238 313 257 182 171 171 254 302 193
426 20 189 263 322 240 317 260 185 173 174 260 304 213
427 20 177 255 306 238 313 260 182 186 167 254 302 205
427 20 189 263 306 242 317 264 182 186 174 254 304 205
428 20 177 259 302 238 318 260 182 171 182 254 298 201
428 20 177 259 306 242 318 264 185 179 203 254 300 217
429 20 177 251 286 238 313 260 182 171 170 254 306 197
429 20 185 255 302 240 317 269 185 171 203 254 306 201
430 20 185 251 286 236 313 260 182 171 170 248 302 197
430 20 189 259 286 238 313 269 182 198 203 254 306 205
431 20 177 259 286 236 313 283 182 186 170 254 298 217
431 20 177 259 302 242 317 283 185 186 170 254 304 217
432 20 177 255 314 236 322 260 182 171 159 248 306 197
432 20 189 259 314 236 322 269 185 171 170 254 306 205
