1 1 177 259 286 240 313 260 182 171 171 254 300 -9
1 1 189 259 314 242 313 260 182 173 203 254 300 -9
2 1 177 251 314 240 313 268 182 171 167 254 300 213
2 1 181 259 367 240 313 269 182 184 203 258 306 217
3 1 177 259 286 238 317 260 182 179 159 260 300 221
3 1 177 263 286 240 322 269 185 186 203 264 306 236
4 1 177 259 302 236 317 260 182 171 159 254 304 201
4 1 181 263 314 240 317 276 182 183 203 260 306 221
5 1 177 251 294 238 313 265 182 171 167 254 306 -9
5 1 177 259 314 238 318 269 182 173 170 258 308 -9
6 1 177 259 294 238 318 264 182 171 182 254 298 205
6 1 177 259 306 242 322 264 182 181 203 254 302 213
7 1 177 255 286 238 313 276 185 171 170 254 300 197
7 1 181 259 306 242 318 280 191 183 170 256 300 205
8 1 177 263 294 240 313 260 182 171 170 256 298 205
8 1 185 263 306 242 318 283 185 173 174 260 300 213
9 1 177 251 302 236 313 256 182 171 203 254 298 197
9 1 189 251 363 236 322 269 182 171 215 254 304 209
10 1 177 263 286 236 313 260 182 179 170 254 300 185
10 1 189 263 286 238 318 260 182 198 203 254 306 197
11 1 177 263 286 240 313 268 182 179 182 254 300 201
11 1 185 263 302 240 313 283 182 179 203 256 304 217
12 1 177 251 302 238 313 265 185 171 159 254 300 193
12 1 177 259 310 238 313 269 185 186 170 260 304 205
13 1 177 263 302 236 313 257 182 171 159 248 -9 201
13 1 181 263 306 242 313 276 191 171 174 254 -9 213
14 1 177 259 306 236 313 260 182 171 170 256 304 205
14 1 185 263 314 238 317 272 191 198 203 260 306 221
15 1 177 259 286 240 317 260 182 171 203 254 298 213
15 1 177 259 294 242 318 264 182 186 203 254 306 213
16 1 177 259 286 238 313 265 182 171 171 256 300 -9
16 1 177 263 294 240 322 283 185 179 182 258 306 -9
17 1 177 259 286 238 317 268 182 198 182 254 300 197
17 1 177 263 314 238 318 269 185 198 203 254 306 213
18 1 177 255 294 238 317 260 182 181 174 254 300 193
18 1 189 259 306 240 322 264 182 186 182 254 302 205
19 1 189 259 314 238 313 257 182 171 171 254 302 193
19 1 189 263 322 240 317 260 185 173 174 260 304 213
20 1 177 255 306 238 313 260 182 186 167 254 302 205
20 1 189 263 306 242 317 264 182 186 174 254 304 205
21 1 177 259 302 238 318 260 182 171 182 254 298 201
21 1 177 259 306 242 318 264 185 179 203 254 300 217
22 1 177 251 286 238 313 260 182 171 170 254 306 197
22 1 185 255 302 240 317 269 185 171 203 254 306 201
23 1 185 251 286 236 313 260 182 171 170 248 302 197
23 1 189 259 286 238 313 269 182 198 203 254 306 205
24 1 177 259 286 236 313 283 182 186 170 254 298 217
24 1 177 259 302 242 317 283 185 186 170 254 304 217
25 1 177 255 314 236 322 260 182 171 159 248 306 197
25 1 189 259 314 236 322 269 185 171 170 254 306 205
26 2 177 263 310 242 313 265 182 179 178 256 300 221
26 2 177 271 318 246 313 265 182 187 178 260 304 242
27 2 177 255 310 240 313 264 182 179 167 256 -9 221
27 2 177 263 322 242 318 300 182 187 167 268 -9 221
28 2 177 263 306 238 313 268 182 171 163 260 298 209
28 2 177 263 310 240 313 296 182 179 171 260 302 213
29 2 177 259 302 238 313 264 182 179 163 254 300 221
29 2 177 263 314 248 318 300 182 187 171 254 300 236
30 2 177 259 318 238 313 264 182 179 171 254 300 205
30 2 177 263 322 240 313 292 191 179 178 256 302 205
31 2 177 267 322 238 313 264 182 173 163 254 -9 201
31 2 177 267 371 242 313 264 191 179 170 268 -9 242
32 2 177 259 302 242 313 300 182 171 167 254 298 213
32 2 189 263 371 242 318 300 182 179 178 256 300 213
33 2 177 259 318 242 313 264 182 179 159 256 300 205
33 2 189 259 318 242 318 264 182 179 178 260 302 213
34 3 177 255 286 234 313 261 182 179 167 254 -9 205
34 3 185 263 306 240 318 276 182 186 190 260 -9 236
35 3 177 255 286 240 317 261 182 179 143 252 300 213
35 3 177 259 306 240 317 265 191 183 190 276 304 217
36 3 177 259 306 240 313 261 182 171 163 254 304 197
36 3 189 263 318 240 317 268 182 179 190 254 304 221
37 3 177 255 302 240 314 268 182 171 171 254 298 185
37 3 177 263 302 240 318 288 185 171 186 254 306 213
38 3 177 259 306 240 313 253 182 179 159 254 300 201
38 3 177 259 314 240 313 292 182 192 171 256 304 217
39 3 189 263 306 236 317 268 185 168 167 256 300 185
39 3 189 267 314 244 317 292 191 171 170 276 302 185
40 3 177 259 310 238 313 264 182 171 159 254 300 205
40 3 177 271 314 244 317 292 182 186 163 256 304 217
41 3 177 255 302 238 317 265 182 171 190 254 -9 197
41 3 177 263 306 244 317 292 182 192 203 254 -9 213
42 3 177 255 302 240 313 256 182 171 171 260 302 209
42 3 181 259 302 244 313 272 182 179 203 276 308 213
43 3 177 255 302 234 317 256 182 179 159 254 300 185
43 3 177 263 314 240 317 288 182 186 170 262 308 209
44 3 177 255 290 -9 -9 266 182 171 167 254 302 201
44 3 181 255 302 -9 -9 288 182 171 170 262 308 220
45 3 177 255 302 238 313 257 182 168 203 254 304 209
45 3 177 259 314 244 313 272 182 179 203 260 304 213
46 3 177 259 302 238 313 261 182 171 167 254 300 225
46 3 177 263 359 238 313 265 182 177 171 260 300 225
47 3 177 271 306 240 313 272 182 171 159 254 298 197
47 3 189 275 306 240 318 272 185 186 167 256 304 217
48 3 177 247 302 240 313 260 182 171 167 256 298 185
48 3 177 255 306 240 313 268 182 196 167 256 306 197
49 3 189 255 302 234 313 265 182 168 203 258 302 185
49 3 189 263 306 240 317 288 182 171 203 258 302 209
50 3 177 263 302 234 318 260 182 173 159 254 298 197
50 3 177 263 306 240 318 288 182 181 178 256 306 213
51 3 177 259 302 234 313 256 182 171 159 256 302 209
51 3 177 267 302 240 318 280 182 179 171 276 304 209
52 3 177 267 294 240 313 260 182 171 159 252 298 197
52 3 177 271 306 242 313 269 185 189 171 258 306 225
53 3 177 255 302 240 313 256 182 171 159 254 304 205
53 3 177 275 302 240 313 265 182 179 167 270 304 221
54 3 177 255 -9 240 313 253 182 179 159 260 302 205
54 3 189 263 -9 242 317 268 182 192 167 270 306 220
55 3 177 255 302 236 313 256 182 171 167 256 302 209
55 3 177 267 314 244 317 296 182 171 167 260 308 221
56 3 177 255 306 240 313 256 182 171 167 254 -9 197
56 3 177 255 318 240 313 292 182 196 170 254 -9 225
57 3 177 259 314 238 313 288 182 189 171 256 298 217
57 3 177 275 359 240 313 292 182 192 182 260 300 217
58 3 177 255 306 236 313 292 182 177 163 256 304 205
58 3 189 263 306 238 317 292 185 192 167 256 306 217
59 3 177 258 306 240 313 261 182 171 163 254 300 205
59 3 177 259 314 242 313 272 185 171 207 260 300 213
60 3 177 263 302 234 313 260 182 173 159 256 298 197
60 3 177 267 302 234 317 268 185 175 163 270 304 197
61 3 177 259 302 240 313 265 185 177 167 258 300 185
61 3 189 267 363 240 317 268 185 186 174 260 308 221
62 3 189 259 306 238 313 261 182 177 159 256 -9 185
62 3 189 263 306 242 318 292 185 179 167 276 -9 217
63 3 177 255 302 240 313 256 182 171 170 254 300 197
63 3 177 259 306 240 317 261 182 192 171 258 304 225
64 3 177 263 302 -9 313 261 182 171 163 254 -9 -9
64 3 189 263 306 -9 318 261 185 171 167 260 -9 -9
65 3 177 263 306 234 313 288 182 179 178 254 306 213
65 3 177 271 306 240 318 292 185 181 194 258 306 213
66 3 189 259 306 234 313 261 182 177 159 260 304 -9
66 3 189 263 306 242 313 272 185 179 171 276 304 -9
67 4 185 259 306 240 313 257 182 171 167 252 298 193
67 4 185 263 379 240 322 260 182 186 167 254 300 221
68 4 177 259 286 240 313 276 182 171 163 254 298 197
68 4 177 271 302 240 313 292 185 177 199 270 304 236
69 4 177 263 302 236 318 257 182 171 167 248 300 201
69 4 185 271 314 238 322 268 191 179 174 256 306 213
70 4 177 259 302 236 313 260 182 171 159 256 304 197
70 4 177 263 306 240 322 276 182 171 170 270 306 201
71 4 181 251 306 238 317 264 182 198 143 246 300 197
71 4 185 259 363 240 318 268 182 198 203 254 304 213
72 4 185 259 286 242 313 253 182 181 159 254 300 193
72 4 189 267 310 244 317 257 182 190 163 258 304 213
73 4 177 259 286 238 313 260 182 171 170 254 304 193
73 4 189 271 302 240 313 296 185 171 171 270 306 217
74 4 185 259 302 236 313 256 182 171 167 254 -9 209
74 4 185 259 318 236 322 272 182 186 170 260 -9 221
75 4 177 271 302 236 313 268 185 171 163 254 302 193
75 4 185 271 310 240 318 288 191 177 167 256 304 201
76 4 177 255 367 236 313 260 182 173 170 254 300 213
76 4 177 271 379 240 318 276 182 177 170 254 306 236
77 4 177 259 302 240 313 268 182 177 171 254 300 201
77 4 181 259 310 242 317 283 182 186 199 258 304 236
78 4 177 251 286 240 313 264 182 171 167 -9 -9 201
78 4 177 255 306 240 317 276 185 187 170 -9 -9 213
79 4 177 259 310 236 313 261 182 171 163 254 -9 209
79 4 185 271 310 238 318 261 182 181 167 256 -9 229
80 4 177 259 306 238 309 268 182 171 167 252 300 197
80 4 181 259 363 240 313 272 182 171 203 252 300 217
81 4 177 255 286 240 313 264 182 186 171 252 300 213
81 4 185 259 302 240 313 283 182 198 171 258 308 217
82 4 177 259 306 238 313 269 182 177 167 254 300 217
82 4 189 267 314 242 322 288 182 186 170 254 300 221
83 4 177 255 286 238 317 253 182 171 170 254 298 197
83 4 185 263 310 240 318 260 185 186 203 258 300 197
84 4 185 259 314 238 313 260 182 187 167 254 300 201
84 4 189 267 363 238 322 269 182 190 170 254 304 209
85 4 177 251 306 240 313 253 182 171 170 256 304 197
85 4 189 259 363 240 313 260 182 173 171 256 306 213
86 4 177 259 310 240 318 276 182 171 167 246 304 193
86 4 177 267 318 240 322 276 182 181 203 252 304 197
87 4 177 259 306 240 313 264 182 171 203 258 300 197
87 4 177 259 322 242 317 272 182 171 203 258 300 201
88 4 177 259 286 236 317 276 182 186 167 246 298 197
88 4 189 259 286 240 322 276 182 189 203 254 304 213
89 4 181 259 286 240 313 264 182 171 163 254 304 197
89 4 185 259 286 240 313 272 182 179 170 254 306 213
90 4 177 259 306 242 313 276 182 171 163 248 -9 197
90 4 177 259 306 244 322 276 185 183 203 254 -9 217
91 4 177 259 286 240 313 260 182 171 167 252 300 197
91 4 189 271 302 240 313 260 182 173 170 254 304 205
92 4 177 251 302 238 313 269 182 171 170 254 304 197
92 4 177 263 306 240 313 296 182 183 203 254 304 217
93 4 177 251 302 238 313 276 182 189 171 254 300 205
93 4 189 259 306 240 313 276 182 198 182 260 302 217
94 4 177 255 286 240 317 253 182 171 163 252 300 217
94 4 189 263 306 240 322 269 182 173 163 254 304 236
95 5 177 255 302 238 313 257 182 181 203 254 298 205
95 5 177 263 314 240 313 280 185 181 203 254 300 205
96 5 177 259 286 240 318 261 182 171 167 254 302 197
96 5 177 267 314 240 318 292 182 179 170 254 304 205
97 5 177 263 306 234 317 261 182 171 170 254 302 197
97 5 177 263 322 238 318 268 182 179 170 256 302 209
98 5 177 263 314 236 313 265 182 171 167 254 304 197
98 5 189 267 334 240 313 288 182 179 167 254 306 209
99 5 177 263 306 234 317 261 182 171 163 254 300 200
99 5 177 267 318 240 317 264 182 179 207 262 304 209
100 5 177 263 306 238 313 260 182 179 159 254 302 200
100 5 177 267 314 238 313 272 182 179 167 256 304 209
101 6 177 267 302 240 313 261 182 179 167 260 300 209
101 6 177 267 371 240 322 284 185 187 167 262 300 217
102 6 177 259 334 240 313 260 182 179 167 246 300 197
102 6 181 271 379 246 313 265 182 202 207 256 300 213
103 6 177 263 302 240 313 268 182 171 170 254 300 197
103 6 181 263 302 244 313 268 182 179 211 262 300 201
104 6 177 255 326 240 313 257 182 173 163 256 300 197
104 6 189 259 334 242 318 264 185 184 170 258 300 217
105 6 177 259 302 240 313 261 182 173 163 254 302 209
105 6 177 263 318 242 322 268 185 187 167 264 306 217
106 6 177 259 310 240 313 249 182 179 174 256 300 197
106 6 185 271 356 240 313 264 185 187 186 260 304 209
107 6 177 267 310 238 313 261 182 187 170 254 300 205
107 6 177 271 318 240 318 269 182 188 170 254 306 213
108 6 177 259 306 240 317 264 182 -9 167 258 300 213
108 6 177 263 306 242 318 276 182 -9 171 260 300 242
109 7 189 259 310 236 313 269 182 171 167 254 300 205
109 7 189 259 326 244 317 288 182 187 171 254 306 213
110 7 177 259 314 236 318 288 182 184 163 256 300 201
110 7 177 259 352 240 322 292 182 196 163 256 302 220
111 7 177 259 310 240 313 257 182 173 163 256 300 197
111 7 189 267 322 240 322 257 182 177 163 266 306 205
112 7 177 259 286 238 317 257 182 173 167 260 300 209
112 7 177 263 314 240 318 292 182 187 182 262 300 240
113 7 181 259 306 238 309 265 182 179 167 254 298 213
113 7 189 263 322 240 313 292 182 200 167 256 300 221
114 7 177 259 302 240 313 265 182 179 167 256 302 209
114 7 177 267 302 240 313 300 182 181 167 256 304 217
115 7 189 259 306 240 313 256 182 171 167 254 300 197
115 7 189 259 310 240 318 261 182 171 170 256 302 209
116 7 177 267 306 240 309 265 182 181 167 254 302 209
116 7 189 271 318 242 313 288 185 183 170 260 304 209
117 7 181 255 286 240 313 261 182 173 167 254 298 185
117 7 189 271 306 242 318 261 182 179 170 258 306 213
118 7 177 255 318 236 313 261 182 173 167 246 298 201
118 7 177 267 322 236 313 268 185 191 174 256 306 201
119 7 177 255 306 240 317 284 182 179 163 254 300 197
119 7 177 259 330 240 317 292 182 187 167 266 304 209
120 7 177 255 310 238 317 249 182 177 159 254 300 197
120 7 189 259 310 240 322 276 182 187 167 258 304 213
121 7 177 259 302 236 313 249 182 181 163 254 300 -9
121 7 177 263 310 242 313 261 182 186 163 256 300 -9
122 7 177 259 298 238 313 264 182 171 167 246 306 201
122 7 177 263 306 240 314 273 182 187 167 258 306 213
123 7 177 259 310 238 313 265 182 171 167 254 300 205
123 7 181 259 310 240 322 265 182 187 223 266 304 220
124 7 177 259 286 240 313 265 182 175 167 260 306 201
124 7 177 259 326 240 318 269 182 187 167 260 306 213
125 7 173 263 306 238 313 257 182 179 163 260 302 205
125 7 173 263 310 242 322 292 182 179 170 262 304 213
126 7 181 263 326 240 313 256 182 179 167 260 298 209
126 7 189 263 326 240 317 280 182 181 174 264 300 217
127 7 177 259 298 240 313 253 182 171 167 254 300 213
127 7 181 263 310 240 322 261 182 173 167 256 306 240
128 7 177 259 286 240 313 273 182 173 167 254 298 209
128 7 177 259 286 240 313 276 185 177 174 256 306 209
129 7 177 255 302 236 313 268 182 171 163 246 300 201
129 7 189 263 306 240 317 272 182 179 163 256 304 217
130 7 177 263 286 238 317 253 182 171 167 254 302 201
130 7 177 263 286 238 318 265 182 179 167 254 302 213
131 7 177 259 286 238 313 261 182 171 167 254 298 209
131 7 177 259 367 240 318 292 182 171 182 260 300 233
132 7 177 259 314 236 313 264 182 171 167 256 302 197
132 7 177 263 326 240 313 265 182 187 186 258 304 201
133 7 177 259 302 240 309 249 182 171 163 254 304 197
133 7 189 267 302 246 313 264 185 179 163 256 304 220
134 7 177 259 310 240 313 249 182 171 167 254 300 185
134 7 189 263 310 240 317 257 182 171 170 256 306 213
135 7 177 259 298 240 313 257 182 171 163 260 300 197
135 7 189 263 314 240 313 261 182 171 167 266 302 205
136 7 189 263 310 240 322 257 182 171 167 258 -9 209
136 7 189 263 314 240 322 268 185 179 174 266 -9 213
137 8 177 259 302 240 313 253 182 181 163 256 298 209
137 8 189 259 322 240 318 265 182 198 170 272 306 217
138 8 177 263 306 238 313 261 182 173 159 254 302 209
138 8 177 267 314 240 317 280 182 196 167 254 306 213
139 8 177 259 286 240 309 -9 182 171 167 256 300 209
139 8 177 263 318 240 318 -9 182 181 167 258 302 236
140 8 177 259 310 238 313 257 182 171 163 256 302 197
140 8 177 263 318 238 318 261 185 179 171 256 302 201
141 8 181 259 318 238 313 288 182 171 163 254 300 201
141 8 189 263 322 246 317 292 182 187 167 268 302 217
142 8 177 259 314 240 313 256 182 171 167 256 300 213
142 8 189 263 326 244 317 269 182 171 174 256 306 217
143 8 177 263 306 238 313 260 182 171 167 254 300 209
143 8 177 271 310 240 322 269 182 181 170 256 300 217
144 8 177 259 310 238 313 261 182 171 167 260 302 197
144 8 181 259 359 240 313 265 182 179 167 260 304 205
145 8 177 251 298 238 313 261 182 171 167 262 300 197
145 8 189 263 298 240 318 273 182 171 203 268 300 201
146 8 177 259 298 238 313 257 182 179 167 254 300 213
146 8 185 267 359 240 318 269 185 181 170 256 300 217
147 8 177 259 310 242 313 253 182 171 167 256 300 201
147 8 189 263 314 244 314 261 182 177 190 260 302 213
148 8 177 267 290 236 313 253 182 171 167 254 302 185
148 8 177 279 314 238 322 264 182 173 167 268 306 217
149 8 177 263 286 236 313 256 182 171 167 254 298 213
149 8 189 267 306 242 317 265 182 171 170 254 300 217
150 8 177 263 322 238 317 269 182 179 163 256 300 197
150 8 177 267 363 242 318 276 182 196 167 256 304 213
151 8 177 259 318 238 318 253 182 171 167 260 300 197
151 8 177 259 359 240 322 265 182 179 170 260 302 201
152 8 177 259 318 240 309 257 182 171 163 254 300 201
152 8 181 267 322 240 318 284 182 171 163 254 304 209
153 8 177 267 302 240 313 260 182 179 163 258 300 213
153 8 177 267 306 240 322 280 182 179 167 260 302 217
154 8 177 255 302 238 313 260 182 173 167 256 298 213
154 8 177 259 314 246 318 283 182 196 194 260 304 217
155 8 177 259 286 240 313 272 182 179 174 254 300 197
155 8 177 259 314 240 318 288 185 179 174 262 302 217
156 8 177 255 306 240 313 261 182 175 163 254 300 201
156 8 177 259 310 240 317 276 191 175 167 254 300 236
157 8 177 259 286 236 317 265 182 171 174 250 300 213
157 8 185 259 286 240 318 268 182 179 203 256 306 225
158 8 177 255 306 236 313 256 182 171 163 252 302 205
158 8 177 259 306 238 317 269 182 171 163 254 302 217
159 8 177 259 302 240 313 264 182 194 167 254 300 201
159 8 177 259 318 240 317 265 182 196 170 256 306 205
160 8 177 259 318 238 313 260 182 179 167 254 300 201
160 8 189 263 318 240 317 269 182 179 203 256 304 213
161 8 177 259 310 238 313 249 182 171 163 254 300 213
161 8 185 259 314 240 317 296 182 196 167 266 306 236
162 8 181 259 306 238 309 265 182 173 159 254 300 213
162 8 189 267 314 240 313 284 182 179 171 260 302 240
163 8 177 267 310 236 313 261 182 177 163 256 300 213
163 8 177 267 314 238 322 276 182 179 190 260 304 217
164 9 181 259 286 240 313 253 182 171 167 254 300 209
164 9 189 263 314 244 317 269 182 181 207 256 300 240
165 9 177 263 302 240 313 261 182 171 167 258 300 205
165 9 189 263 310 240 313 264 182 179 170 266 302 213
166 9 177 259 310 242 317 272 182 175 163 254 300 201
166 9 189 259 322 242 317 288 182 179 167 254 300 221
167 9 177 259 294 240 313 257 182 173 167 256 300 217
167 9 177 263 314 242 318 265 182 173 174 256 302 221
168 9 177 259 306 240 313 249 182 179 211 256 300 213
168 9 177 259 310 240 322 265 182 187 211 266 304 217
169 9 177 263 302 236 313 261 182 173 170 254 298 205
169 9 189 263 318 242 313 300 182 175 170 260 302 213
170 9 177 259 310 238 313 253 182 171 170 256 300 213
170 9 189 259 310 240 313 261 182 196 171 256 300 240
171 9 177 259 302 238 318 264 182 175 178 254 300 213
171 9 177 263 306 238 322 284 182 189 215 258 306 213
172 9 189 259 314 236 313 296 182 173 170 258 298 209
172 9 189 263 318 236 313 300 182 175 174 260 300 213
173 9 177 263 286 238 313 265 182 187 167 258 302 209
173 9 189 267 306 238 318 272 185 197 170 258 302 209
174 9 181 255 298 236 313 261 182 181 167 256 300 205
174 9 189 259 310 238 317 268 182 196 178 258 304 213
175 9 177 267 302 238 313 269 182 173 163 256 300 201
175 9 189 271 310 240 317 292 182 181 171 256 306 213
176 9 177 255 306 238 313 261 182 171 163 254 300 197
176 9 177 267 318 240 313 264 182 171 170 260 302 213
177 9 177 255 322 240 313 265 182 179 163 254 300 213
177 9 181 267 322 240 313 288 185 187 194 258 300 213
178 9 177 263 314 240 313 264 182 175 163 254 304 213
178 9 177 271 375 240 317 292 182 198 170 256 304 217
179 9 177 259 298 244 313 280 182 179 163 254 300 205
179 9 189 259 359 244 318 288 191 192 167 258 302 213
180 9 177 259 302 240 313 253 182 171 167 254 298 217
180 9 181 259 310 246 318 253 182 171 167 256 302 217
181 9 177 259 334 244 313 265 182 179 163 254 300 213
181 9 189 259 359 244 313 280 191 192 167 268 302 213
182 9 177 263 286 240 313 253 182 171 163 254 300 185
182 9 177 267 306 240 318 296 182 181 167 256 300 201
183 9 177 259 314 240 317 265 182 171 167 254 300 197
183 9 189 259 359 240 317 265 182 175 167 256 300 225
184 9 177 255 318 240 313 264 182 179 163 254 302 213
184 9 177 267 330 240 318 269 182 196 163 260 302 236
185 9 189 259 302 238 313 257 182 171 167 258 300 205
185 9 189 263 375 240 317 288 185 181 174 260 302 213
186 9 177 259 298 236 313 257 182 187 167 254 300 197
186 9 177 271 314 238 318 260 182 196 167 254 300 213
187 9 177 259 314 238 313 260 182 187 167 254 300 197
187 9 177 271 322 240 313 284 182 196 167 256 306 217
188 9 177 259 314 238 313 264 182 196 163 258 300 201
188 9 177 259 359 240 318 284 182 196 167 258 304 213
189 9 177 263 306 238 313 265 182 181 163 254 298 201
189 9 189 267 371 240 317 288 182 183 167 264 304 205
190 9 177 255 318 240 313 264 182 179 163 254 302 213
190 9 177 267 330 240 318 269 182 196 163 260 302 236
191 9 177 263 310 236 313 261 182 179 167 254 300 201
191 9 189 267 310 240 317 261 182 187 167 266 304 240
192 9 177 259 298 236 313 284 182 171 171 254 302 197
192 9 189 263 322 238 317 284 182 171 207 254 302 213
193 9 177 255 302 236 313 268 182 179 163 254 300 197
193 9 189 259 306 240 317 284 182 179 174 256 304 201
194 10 177 259 306 236 301 249 182 171 167 254 300 197
194 10 177 263 314 240 318 269 182 179 170 256 302 201
195 10 177 259 298 238 313 265 182 171 167 254 302 209
195 10 181 267 310 240 322 280 185 179 167 256 304 209
196 10 181 255 302 236 318 249 182 171 163 252 300 201
196 10 185 263 306 238 322 257 182 186 170 256 302 213
197 10 177 255 286 240 313 249 182 177 167 256 300 197
197 10 181 263 322 244 322 264 191 179 203 256 304 209
198 10 177 259 302 234 313 264 182 173 159 254 300 201
198 10 185 267 306 238 318 268 182 187 163 262 300 217
199 10 177 259 306 236 301 257 179 171 167 254 300 201
199 10 181 267 306 240 318 268 182 179 170 260 302 220
200 10 177 259 302 236 313 264 182 171 167 254 300 205
200 10 177 263 306 240 322 280 182 179 182 256 302 213
201 10 189 259 310 240 313 249 182 171 159 254 302 205
201 10 189 259 363 240 313 264 182 179 167 260 302 209
202 10 177 263 298 240 313 249 182 171 159 254 300 197
202 10 189 267 302 240 322 280 182 179 182 256 302 205
203 10 177 259 286 238 313 260 182 173 159 256 300 197
203 10 185 267 306 240 318 280 182 181 163 256 300 209
204 10 177 259 298 240 317 249 182 171 159 256 300 205
204 10 189 267 314 240 318 257 182 186 174 258 302 220
205 10 177 259 302 240 313 253 182 187 167 254 302 205
205 10 177 263 310 240 322 261 182 189 203 254 306 217
206 10 177 259 310 240 313 249 182 171 159 260 302 209
206 10 181 267 375 244 313 265 182 179 167 260 304 213
207 10 181 259 306 238 313 249 182 171 167 254 300 201
207 10 185 267 306 240 313 284 182 187 194 254 302 217
208 10 177 259 306 240 301 249 182 187 167 254 300 209
208 10 189 259 363 240 318 261 185 187 167 260 300 213
209 10 177 259 306 240 313 249 182 171 159 256 298 197
209 10 189 263 363 240 318 288 182 171 194 260 300 220
210 10 177 259 286 238 318 249 182 171 163 254 300 197
210 10 185 259 314 240 318 280 182 181 174 256 302 220
211 10 177 259 286 240 313 264 182 173 167 254 300 205
211 10 189 263 306 240 313 288 182 183 174 254 302 213
212 10 177 262 302 240 313 249 182 171 159 260 302 209
212 10 189 267 375 244 317 265 182 171 167 260 302 213
213 10 177 259 302 238 313 260 182 171 194 256 300 213
213 10 181 263 359 240 322 303 185 179 211 260 304 213
214 10 177 259 306 240 313 260 182 171 159 256 300 197
214 10 189 267 314 240 318 292 182 171 174 258 302 217
215 10 189 259 306 240 301 249 182 183 167 254 300 209
215 10 189 259 363 240 313 288 185 187 167 260 300 213
216 10 177 259 298 238 313 261 182 173 182 256 302 209
216 10 189 259 359 240 317 261 185 179 207 256 306 220
217 11 177 267 310 240 317 264 182 173 166 266 300 213
217 11 177 275 310 240 318 296 182 179 167 266 302 213
218 11 177 259 302 238 313 249 182 181 167 260 300 197
218 11 177 275 310 240 318 284 182 187 167 262 300 221
219 11 177 259 314 240 309 261 182 179 163 256 300 213
219 11 189 279 363 240 313 265 182 179 170 260 306 217
220 11 177 259 302 240 318 264 182 179 167 262 300 197
220 11 177 263 310 240 318 284 182 187 190 266 300 209
221 11 177 263 310 240 318 261 182 179 159 256 300 205
221 11 177 275 314 240 322 269 191 179 167 266 302 209
222 11 177 267 310 240 318 264 182 173 166 266 300 213
222 11 177 275 310 240 318 296 182 179 167 266 302 213
223 11 177 259 310 240 313 264 182 179 159 256 300 201
223 11 177 275 330 240 318 269 191 179 166 266 300 209
224 11 177 271 359 236 313 261 182 173 167 260 302 197
224 11 181 275 363 244 313 264 182 179 167 262 304 217
225 11 177 259 286 238 318 280 182 171 167 266 300 209
225 11 177 267 310 240 318 296 182 173 171 266 302 213
226 11 177 259 310 238 317 280 182 179 167 266 300 197
226 11 177 259 326 240 318 284 191 187 167 266 300 209
227 11 177 271 286 236 313 264 182 171 163 260 300 209
227 11 181 275 359 240 313 284 182 173 167 262 300 217
228 11 177 255 -9 236 313 264 182 173 167 262 300 213
228 11 181 259 -9 238 317 296 191 187 211 270 302 217
229 11 177 263 326 240 313 261 182 171 163 258 300 197
229 11 177 271 359 244 317 284 182 179 167 262 304 209
230 11 177 263 314 240 313 249 182 177 171 256 300 209
230 11 177 275 326 240 313 272 182 184 190 266 304 213
231 11 177 275 286 238 313 249 182 179 163 260 300 209
231 11 177 275 302 240 317 249 191 181 167 266 306 221
232 11 177 259 286 238 313 276 182 171 171 262 300 209
232 11 177 259 314 238 317 284 191 179 171 262 306 209
233 11 177 259 286 238 322 257 182 179 159 254 302 205
233 11 177 263 286 240 322 311 182 179 167 256 302 213
234 11 177 271 286 236 313 264 182 171 163 258 300 209
234 11 177 275 326 240 317 284 182 173 167 270 300 217
235 11 177 263 314 240 317 276 182 171 182 260 300 201
235 11 177 263 359 240 322 284 182 171 190 262 302 209
236 11 177 255 286 236 313 249 191 173 163 260 300 209
236 11 177 275 310 238 313 264 191 181 211 262 300 213
237 11 177 259 318 240 313 269 182 177 166 254 304 205
237 11 189 287 326 240 322 269 185 189 174 260 306 209
238 11 177 263 314 240 313 257 182 171 167 256 300 201
238 11 177 267 359 240 317 264 182 179 174 260 300 209
239 11 177 259 286 238 317 284 182 173 167 262 300 201
239 11 177 263 306 240 318 284 182 177 167 266 300 201
240 11 177 263 286 240 313 249 182 179 167 260 300 197
240 11 177 275 302 240 318 284 182 181 167 266 306 221
241 11 177 259 306 238 313 284 182 179 167 262 300 201
241 11 177 263 310 240 317 296 191 181 167 270 300 213
242 12 177 259 298 240 318 256 182 171 163 254 302 201
242 12 189 259 310 240 322 264 182 175 167 266 304 213
243 12 177 255 314 240 322 257 182 171 163 254 300 185
243 12 189 271 314 240 322 276 182 177 167 254 300 197
244 12 177 259 302 238 309 284 182 179 170 258 300 201
244 12 177 263 310 240 313 292 182 198 178 258 302 209
245 12 177 259 302 238 313 261 182 171 167 254 300 197
245 12 189 263 314 240 317 264 182 179 170 254 302 205
246 12 177 259 306 238 322 257 182 179 167 256 300 205
246 12 177 259 306 240 322 260 182 198 170 258 302 232
247 12 177 259 302 242 317 257 182 171 167 256 302 209
247 12 177 263 306 242 322 268 182 171 219 258 304 232
248 12 177 259 306 238 317 257 182 171 167 260 298 209
248 12 189 271 310 242 322 261 182 171 186 266 302 236
249 12 177 255 302 236 313 256 182 171 167 254 298 201
249 12 189 267 318 240 317 264 182 173 215 256 304 217
250 12 177 271 302 240 313 265 182 173 163 254 300 185
250 12 189 279 310 240 313 280 185 173 167 258 302 205
251 12 177 259 290 238 309 257 182 171 167 254 300 205
251 12 189 263 306 238 317 264 182 171 219 258 304 209
252 12 177 259 302 238 313 256 182 179 167 256 300 213
252 12 189 263 306 244 314 280 182 179 167 260 302 236
253 12 177 259 286 240 313 288 182 197 167 254 300 205
253 12 177 263 318 240 318 300 182 197 178 258 304 213
254 12 177 255 306 240 313 249 182 171 167 268 300 201
254 12 177 263 310 242 322 268 182 171 203 270 306 205
255 12 177 263 310 240 313 257 182 171 167 256 300 209
255 12 177 267 318 242 318 284 185 187 186 260 304 217
256 12 177 263 298 236 318 253 182 171 167 256 300 205
256 12 177 263 314 240 318 292 182 181 170 258 300 217
257 13 177 259 314 238 313 261 182 171 167 254 300 205
257 13 177 263 359 242 313 265 182 173 167 260 302 213
258 13 177 263 286 238 313 249 182 179 190 254 300 213
258 13 177 263 318 240 318 269 185 179 190 256 306 213
259 13 177 259 314 240 317 269 182 171 159 254 300 201
259 13 177 263 375 240 318 288 185 179 163 254 304 236
260 13 177 271 314 238 313 261 182 173 167 254 300 201
260 13 189 271 318 242 317 265 182 181 167 256 300 213
261 13 177 255 314 238 313 261 182 171 167 254 300 201
261 13 177 271 318 242 313 288 182 181 167 260 304 217
262 13 177 255 318 238 313 261 182 171 167 254 300 205
262 13 177 267 326 240 318 265 182 171 167 256 304 236
263 13 177 255 302 242 313 249 182 183 167 256 300 197
263 13 185 259 306 242 318 264 182 198 170 256 300 201
264 13 177 251 318 238 313 265 182 171 167 254 300 197
264 13 181 259 375 242 322 268 182 196 170 256 302 205
265 13 177 259 310 -9 -9 265 182 171 159 260 300 213
265 13 177 259 318 -9 -9 272 182 173 167 262 306 236
266 13 177 259 318 240 313 265 182 171 159 256 302 185
266 13 177 259 326 240 313 265 182 196 163 256 304 217
267 13 177 259 298 238 313 265 182 171 170 256 300 213
267 13 189 259 310 244 317 292 182 171 174 256 306 221
268 13 177 259 314 240 317 264 182 171 167 254 302 197
268 13 189 263 314 246 322 268 182 171 167 268 304 213
269 13 177 259 306 238 313 257 182 175 163 254 298 221
269 13 177 271 314 240 318 265 182 198 167 254 300 236
270 13 177 259 302 238 317 268 182 173 159 256 300 213
270 13 189 267 318 238 322 272 182 187 190 260 304 221
271 13 177 267 314 240 318 260 182 171 163 254 300 201
271 13 177 271 330 242 318 276 182 179 171 254 302 201
272 13 177 259 314 240 318 269 182 171 159 254 300 201
272 13 177 263 375 240 318 288 185 179 163 254 304 236
273 13 177 255 314 238 313 265 -9 171 167 254 300 205
273 13 177 271 318 238 318 288 -9 181 167 260 300 217
274 13 177 263 306 236 313 257 182 171 167 254 300 197
274 13 177 267 314 240 313 265 182 189 167 268 300 209
275 13 177 255 286 238 313 261 182 173 167 256 304 213
275 13 189 255 302 240 322 300 185 198 167 262 306 221
276 13 177 259 298 238 317 264 182 173 167 254 300 185
276 13 189 263 318 238 318 292 182 179 211 256 302 217
277 13 177 259 306 238 313 261 182 171 167 256 300 201
277 13 189 263 310 240 317 288 182 173 171 258 304 213
278 13 177 259 314 236 317 261 182 173 163 254 300 201
278 13 189 263 314 238 322 265 182 196 207 258 302 205
279 13 177 255 310 240 313 264 182 171 167 254 300 205
279 13 181 259 318 240 317 268 182 196 167 262 306 213
280 13 177 255 310 240 313 264 182 196 167 254 304 213
280 13 181 259 310 240 317 268 182 196 167 262 306 213
281 13 177 259 310 240 313 257 182 171 163 256 302 217
281 13 177 259 318 240 313 265 185 181 167 262 304 217
282 13 177 255 314 236 313 265 182 171 167 254 300 209
282 13 181 259 318 238 313 296 182 171 171 254 300 236
283 13 177 259 286 240 313 288 182 171 167 256 300 201
283 13 177 259 306 242 313 292 182 187 167 256 306 221
284 13 177 259 302 240 313 265 182 179 178 254 300 201
284 13 177 259 375 242 318 292 182 181 190 256 304 213
285 13 177 263 318 236 313 260 182 171 167 246 300 213
285 13 189 267 375 242 317 268 182 179 170 254 306 217
286 14 177 259 310 240 313 257 182 171 167 256 298 201
286 14 177 259 310 242 317 260 182 173 174 260 304 213
287 14 177 259 310 240 313 264 182 171 167 254 304 201
287 14 177 263 322 244 318 265 182 179 167 254 304 213
288 14 177 259 302 236 313 265 182 171 163 254 302 201
288 14 177 259 310 240 318 280 182 173 163 262 304 209
289 14 177 263 310 240 318 253 182 171 167 254 298 197
289 14 177 263 322 240 318 264 182 171 171 260 302 213
290 14 177 259 310 236 318 269 182 179 167 254 -9 201
290 14 189 263 310 236 318 276 182 179 170 272 -9 201
291 14 177 255 302 238 313 253 182 171 167 254 304 197
291 14 181 259 306 242 313 269 182 171 174 256 304 221
292 14 177 259 306 238 313 260 182 173 170 254 -9 197
292 14 177 259 314 238 317 300 182 173 174 260 -9 205
293 14 177 255 298 236 322 249 182 171 167 256 -9 201
293 14 189 255 310 236 326 280 182 175 167 272 -9 217
294 14 181 263 310 236 313 280 182 171 167 254 300 201
294 14 189 267 314 236 313 288 182 171 167 256 304 221
295 14 177 259 302 240 313 257 182 171 167 254 300 205
295 14 181 259 310 240 317 265 182 177 174 254 302 213
296 14 177 259 310 242 318 253 182 177 167 256 302 201
296 14 177 267 310 242 322 265 182 177 167 256 302 213
297 14 189 255 -9 236 317 261 182 171 167 254 302 185
297 14 189 263 -9 238 322 300 191 171 167 266 304 197
298 14 177 263 314 238 317 276 182 171 163 254 298 197
298 14 177 271 322 240 322 280 182 187 167 256 298 197
299 14 181 259 298 240 313 261 182 171 167 254 302 197
299 14 189 259 322 240 317 265 182 171 167 254 306 213
300 14 177 259 310 238 313 269 182 171 167 256 -9 197
300 14 181 259 310 242 317 280 182 171 167 258 -9 217
301 14 177 267 302 240 317 256 182 171 167 254 300 185
301 14 181 271 310 244 318 288 182 187 167 256 304 197
302 14 181 255 302 238 313 253 182 173 167 256 300 201
302 14 181 263 310 240 326 261 182 179 167 258 306 209
303 14 177 259 306 240 318 253 182 187 163 254 298 197
303 14 177 267 310 242 318 256 182 187 167 256 304 213
304 14 177 259 298 236 313 256 182 171 167 254 304 185
304 14 177 267 322 240 318 261 182 179 167 258 306 221
305 14 177 259 298 238 317 253 182 171 167 254 300 197
305 14 189 263 310 240 318 276 182 171 170 256 302 221
306 14 177 259 306 236 318 256 182 171 167 256 300 197
306 14 181 267 348 238 318 280 182 171 170 256 302 205
307 14 177 259 306 236 313 253 182 171 167 256 302 213
307 14 177 271 310 238 318 280 182 187 167 258 304 213
308 14 177 259 302 242 318 253 182 171 167 254 302 201
308 14 181 271 322 244 322 253 182 171 167 256 302 213
309 15 177 259 306 240 313 280 182 171 159 254 -9 213
309 15 177 263 306 242 317 288 182 181 182 254 -9 213
310 15 177 259 294 240 313 261 182 168 167 254 -9 213
310 15 177 263 310 240 322 272 182 196 170 256 -9 213
311 15 177 263 306 240 313 260 182 181 163 254 298 201
311 15 181 263 310 240 318 269 191 183 182 258 302 205
312 15 177 259 302 240 313 256 182 171 163 246 -9 205
312 15 177 267 306 242 313 276 182 173 178 258 -9 236
313 15 177 259 302 240 317 272 182 171 163 246 300 205
313 15 189 267 306 240 318 272 182 198 167 260 304 221
314 15 181 259 306 240 313 276 182 179 170 246 300 201
314 15 181 267 318 240 317 276 182 186 175 246 308 213
315 15 177 251 302 240 317 256 182 198 163 254 304 201
315 15 177 263 306 240 318 292 182 198 174 256 306 217
316 15 177 259 306 240 313 256 182 171 143 246 300 201
316 15 181 259 318 244 317 265 182 181 167 254 300 213
317 15 177 259 298 240 313 264 182 171 159 254 300 201
317 15 177 263 306 240 317 280 185 181 178 256 304 213
318 15 181 259 282 240 317 256 182 171 166 254 300 209
318 15 181 259 302 244 322 280 182 171 178 254 302 213
319 15 177 251 286 240 313 272 182 171 174 246 300 213
319 15 177 259 306 240 318 280 185 173 203 254 306 236
320 15 177 263 310 240 313 268 182 171 163 252 304 205
320 15 189 271 318 242 317 272 182 179 174 256 306 221
321 15 177 259 302 240 313 272 182 181 143 254 306 197
321 15 189 259 302 242 313 292 182 187 170 254 308 221
322 15 177 255 302 240 313 256 182 177 163 246 304 197
322 15 177 267 302 240 317 265 182 179 167 258 306 205
323 15 177 251 306 240 313 260 182 171 171 254 300 213
323 15 177 259 306 240 313 276 182 171 182 258 304 213
324 15 177 259 302 240 313 276 182 171 143 246 300 201
324 15 177 259 310 240 317 292 182 181 170 254 308 221
325 15 177 259 282 240 317 272 182 179 163 254 300 205
325 15 177 267 306 240 317 272 182 198 215 254 304 221
326 15 177 255 298 238 313 264 182 -9 182 248 300 197
326 15 181 255 359 240 322 269 182 -9 215 256 302 197
327 15 177 259 302 240 313 272 182 179 163 254 304 197
327 15 189 263 310 242 322 280 182 187 170 256 306 205
328 15 177 259 282 240 313 261 182 173 163 254 304 221
328 15 177 263 298 240 314 276 182 181 167 256 306 236
329 15 177 263 302 240 313 260 182 179 170 246 298 197
329 15 177 263 322 240 318 292 182 198 178 258 300 205
330 15 177 259 302 240 317 261 182 179 143 246 300 197
330 15 189 267 318 242 317 283 182 181 174 256 306 197
331 16 177 263 298 240 313 253 182 171 167 246 300 205
331 16 181 267 318 242 313 260 182 173 190 256 300 209
332 16 177 259 298 236 313 260 182 189 167 254 -9 197
332 16 189 275 302 240 318 269 182 189 211 258 -9 205
333 16 189 255 302 238 317 260 182 171 171 256 -9 209
333 16 189 263 318 244 318 288 182 181 211 260 -9 213
334 16 177 255 298 238 313 268 182 171 167 256 -9 -9
334 16 189 259 359 240 317 292 182 187 167 256 -9 -9
335 16 181 267 298 240 313 253 182 171 167 254 300 209
335 16 189 275 318 240 318 269 182 179 178 260 306 217
336 16 177 267 298 240 313 260 182 171 167 256 300 197
336 16 189 267 318 244 313 269 182 189 171 258 300 209
337 16 177 267 298 240 313 260 182 175 211 254 300 197
337 16 177 271 306 246 313 269 182 189 215 260 304 205
338 16 181 259 318 236 313 260 182 189 167 254 306 197
338 16 189 259 318 236 318 268 182 193 167 256 306 209
339 16 177 259 298 238 313 283 182 179 167 256 300 197
339 16 189 259 359 244 317 292 182 189 215 260 302 197
340 16 177 259 286 236 313 260 182 189 167 254 300 197
340 16 177 267 318 240 313 268 182 189 211 258 302 209
341 16 177 255 318 238 313 264 182 171 159 246 298 209
341 16 177 263 359 246 318 269 182 189 167 246 300 221
342 16 181 259 318 236 313 260 182 189 167 254 306 197
342 16 189 259 318 236 318 268 182 193 167 256 306 209
343 17 177 263 302 236 313 264 182 171 159 246 300 185
343 17 189 263 306 240 317 264 182 175 167 254 304 221
344 17 177 255 298 240 313 260 182 173 167 254 302 185
344 17 189 259 302 240 313 260 182 179 203 254 306 221
345 17 189 247 298 236 313 253 182 179 159 256 300 201
345 17 189 259 359 236 317 284 182 187 170 260 302 201
346 17 177 263 294 240 313 257 182 171 167 254 298 205
346 17 189 267 318 240 322 265 185 179 167 254 300 213
347 17 181 259 298 236 313 -9 182 179 167 246 300 209
347 17 189 263 314 238 318 -9 191 189 211 256 306 217
348 17 177 255 298 240 313 253 182 171 159 254 300 197
348 17 177 267 302 240 313 276 182 179 170 256 300 201
349 17 177 259 286 240 301 253 182 171 167 258 -9 201
349 17 189 263 286 240 318 269 182 171 194 260 -9 205
350 17 177 259 306 240 313 265 182 171 163 246 300 213
350 17 177 259 306 240 317 272 182 171 163 256 300 213
351 17 177 263 290 236 313 264 182 171 159 246 300 213
351 17 189 267 302 238 317 264 182 171 194 254 300 221
352 17 177 259 302 238 313 276 182 173 167 246 -9 209
352 17 177 263 318 240 313 292 182 181 171 256 -9 217
353 17 177 259 286 238 313 265 182 171 159 246 298 217
353 17 177 263 302 242 317 272 182 173 167 256 304 217
354 17 177 267 286 240 301 253 182 171 174 254 300 205
354 17 189 271 348 240 318 260 182 175 174 256 304 213
355 17 177 255 306 238 313 265 182 179 163 254 300 197
355 17 177 255 310 240 318 265 182 186 163 254 306 209
356 17 181 259 302 240 318 260 182 171 182 254 300 205
356 17 189 263 302 244 318 284 182 187 211 256 300 213
357 17 177 259 298 240 313 256 182 179 167 254 304 201
357 17 181 263 318 240 317 276 182 181 203 260 306 213
358 17 177 255 318 234 301 264 182 171 178 246 300 209
358 17 177 267 363 240 313 276 182 171 190 254 302 221
359 17 177 259 298 238 313 260 182 171 167 254 302 201
359 17 181 267 314 240 318 276 182 196 203 254 306 213
360 17 177 263 348 240 313 276 182 171 167 246 300 213
360 17 189 271 356 240 313 276 182 173 170 256 302 217
361 17 177 259 302 240 313 265 182 177 167 256 298 209
361 17 181 263 306 240 318 276 182 189 174 256 302 213
362 17 181 263 298 238 313 260 182 179 167 256 300 221
362 17 189 263 356 240 313 276 182 181 170 260 304 221
363 17 177 259 318 238 313 260 182 171 163 256 298 197
363 17 181 259 371 240 313 265 191 179 167 256 302 213
364 17 189 255 302 240 313 268 182 179 163 256 300 205
364 17 189 259 302 240 318 276 182 187 194 260 302 217
365 18 177 259 310 238 313 276 182 171 163 254 300 201
365 18 177 263 367 240 322 276 182 171 203 258 304 205
366 18 177 263 286 240 313 265 182 177 167 254 300 193
366 18 177 263 302 244 313 268 182 179 190 254 306 244
367 18 177 251 314 240 313 276 182 171 143 254 304 221
367 18 177 255 379 240 317 276 182 171 159 254 304 236
368 18 177 255 302 240 313 269 182 179 171 254 300 185
368 18 189 263 306 242 317 276 182 186 174 258 304 217
369 18 177 259 286 240 313 260 182 181 159 254 -9 213
369 18 181 259 318 240 314 269 182 186 167 258 -9 217
370 18 177 263 286 240 313 265 182 177 167 252 -9 193
370 18 177 263 302 244 313 268 182 179 190 254 -9 244
371 18 177 255 302 238 313 288 182 190 171 254 298 201
371 18 185 259 310 238 317 292 182 198 174 254 300 205
372 18 177 251 302 240 313 264 182 187 171 254 300 197
372 18 189 259 367 242 322 280 182 187 203 254 306 217
373 18 177 259 302 240 317 261 182 179 143 254 -9 205
373 18 185 259 322 240 322 268 185 189 143 260 -9 209
374 18 185 259 306 238 313 260 182 179 167 254 -9 213
374 18 185 263 310 240 317 269 182 186 171 254 -9 217
375 18 177 263 314 236 313 272 182 171 167 254 300 201
375 18 189 271 322 240 313 276 182 186 203 260 300 221
376 18 181 251 302 240 317 269 182 171 167 254 300 217
376 18 185 259 318 240 322 269 182 173 170 254 302 221
377 18 177 259 286 238 313 268 182 168 167 256 298 213
377 18 177 267 322 240 322 268 182 171 171 258 306 217
378 18 177 259 302 238 317 265 182 171 170 254 300 205
378 18 189 259 310 240 317 288 182 171 171 260 308 205
379 18 177 259 286 238 313 268 182 171 203 254 300 185
379 18 177 263 302 238 318 276 185 181 215 260 304 217
380 18 177 255 302 238 313 253 182 171 159 254 300 201
380 18 177 259 367 242 322 276 182 187 174 254 306 213
381 18 177 259 286 238 313 264 182 171 170 254 300 197
381 18 177 267 306 240 313 296 182 171 174 260 300 217
382 18 177 259 302 238 313 276 182 173 163 254 -9 217
382 18 177 263 302 238 317 276 182 186 174 260 -9 221
383 18 177 263 306 240 313 268 182 171 167 256 300 201
383 18 189 271 314 242 313 276 182 177 167 260 304 217
384 18 177 255 286 236 318 283 182 168 167 254 304 201
384 18 177 263 302 240 318 292 182 171 171 254 306 201
385 18 177 263 286 240 313 268 182 173 163 254 304 185
385 18 177 271 306 242 317 268 182 173 167 254 304 209
386 18 177 259 302 240 313 265 182 171 167 258 -9 205
386 18 177 271 322 242 317 265 182 183 171 260 -9 213
387 18 177 251 302 240 313 269 182 171 167 258 -9 205
387 18 189 259 318 240 317 276 182 177 170 264 -9 213
388 18 177 267 306 240 313 257 182 171 170 254 300 217
388 18 189 271 363 240 322 264 182 171 174 260 302 217
389 18 177 255 286 240 313 276 182 171 143 254 298 201
389 18 189 259 318 240 322 283 182 179 166 254 300 217
390 18 177 251 302 240 313 260 182 171 159 254 300 197
390 18 177 255 306 242 322 280 185 173 167 258 306 217
391 18 177 259 314 236 313 268 182 171 167 254 300 201
391 18 177 271 314 240 322 300 182 171 199 254 304 209
392 18 177 251 306 240 317 257 182 168 167 254 300 201
392 18 189 271 306 240 322 257 182 171 174 254 304 217
393 18 177 259 302 240 313 268 182 168 167 252 304 213
393 18 177 263 322 242 313 296 182 177 167 258 306 213
394 18 177 259 302 240 313 257 182 171 167 254 298 221
394 18 189 263 302 240 317 268 182 177 199 260 304 236
395 19 177 259 286 240 313 257 182 171 163 254 300 205
395 19 189 263 318 244 313 261 185 175 170 256 302 213
396 19 177 267 302 238 318 257 182 171 163 254 300 201
396 19 177 279 318 238 322 272 182 183 166 254 306 213
397 19 177 259 286 238 313 265 182 183 159 256 300 205
397 19 177 267 359 240 313 272 182 189 159 256 300 213
398 19 177 259 302 238 317 249 182 179 159 254 302 201
398 19 189 271 322 242 318 264 185 198 167 256 306 213
399 19 177 263 306 238 313 257 182 173 170 260 300 185
399 19 177 271 318 244 318 288 191 175 174 260 300 205
400 19 177 263 302 240 301 253 182 179 163 246 304 -9
400 19 177 283 326 240 322 265 185 179 170 254 304 -9
401 19 177 255 302 238 313 257 182 179 167 256 300 197
401 19 189 255 306 238 317 265 182 189 174 258 302 213
402 19 177 259 302 238 313 264 182 171 163 254 298 205
402 19 189 263 310 242 322 276 182 179 167 256 302 221
403 19 177 263 302 236 318 261 182 173 167 256 306 221
403 19 181 271 306 238 322 261 185 189 170 260 306 221
404 19 177 259 359 238 317 272 182 173 163 256 300 221
404 19 177 259 359 240 318 272 182 181 167 256 302 225
405 19 177 263 310 238 317 296 182 186 170 254 304 185
405 19 177 271 314 240 322 296 185 187 170 254 306 197
406 19 177 259 318 240 313 257 182 171 163 254 300 197
406 19 177 263 318 240 317 288 185 175 167 254 302 201
407 19 177 259 310 240 313 265 182 171 171 254 304 221
407 19 177 267 318 240 313 265 182 181 203 256 306 221
408 19 177 259 306 238 318 265 182 171 170 256 304 213
408 19 177 263 314 240 322 265 182 173 211 258 306 221
409 19 177 271 310 238 313 256 182 179 166 254 302 205
409 19 177 271 318 240 317 272 182 179 170 258 304 221
410 19 177 267 310 238 317 257 182 175 170 254 298 197
410 19 189 271 363 240 322 284 182 179 170 254 302 217
411 19 177 255 302 240 317 253 182 179 163 252 304 197
411 19 177 283 375 244 322 261 185 181 163 256 306 205
412 19 177 263 286 238 313 268 182 173 174 256 304 213
412 19 177 271 306 240 322 272 182 179 174 260 306 221
413 19 177 255 310 238 317 276 182 171 163 254 300 205
413 19 185 271 356 240 322 288 185 183 174 256 302 205
414 20 177 259 298 238 318 264 182 171 163 254 298 201
414 20 177 263 298 238 318 273 182 179 170 256 300 229
415 20 177 259 298 240 309 249 182 173 171 256 302 205
415 20 189 267 379 240 313 261 182 187 171 260 304 217
416 20 177 259 286 238 317 261 182 173 167 254 300 197
416 20 189 267 318 240 318 269 182 183 174 254 300 197
417 20 177 251 306 240 313 253 182 171 163 256 298 209
417 20 177 259 359 240 322 253 191 171 167 256 302 213
418 20 177 251 306 236 313 269 182 171 167 254 300 197
418 20 177 263 322 238 313 284 182 171 170 256 306 217
419 20 177 259 310 238 313 269 182 177 167 256 300 217
419 20 181 263 314 240 317 269 182 187 178 258 304 217
420 20 189 255 298 240 313 265 182 171 167 254 300 205
420 20 189 263 314 240 317 269 185 179 167 260 304 220
421 20 177 259 310 240 317 268 182 171 167 254 302 201
421 20 189 259 363 240 317 268 182 177 170 256 304 201
422 20 177 263 302 238 313 265 182 171 163 254 300 213
422 20 177 283 314 240 318 268 182 196 170 256 304 217
423 20 177 263 298 238 318 269 185 171 159 254 300 209
423 20 177 271 310 240 318 269 185 173 170 254 302 217
424 20 177 259 302 238 318 264 182 173 182 254 300 209
424 20 181 267 318 240 322 269 182 173 182 262 302 217
425 20 177 259 310 240 313 269 182 171 170 256 298 185
425 20 181 267 314 246 317 272 191 183 211 258 302 201
426 20 177 255 298 238 313 272 182 186 159 256 300 213
426 20 189 259 310 240 317 292 185 187 170 270 302 217
427 20 177 259 298 238 313 253 182 179 170 254 300 201
427 20 181 259 310 240 313 269 182 179 174 256 304 205
428 20 177 259 286 240 317 260 185 171 167 252 304 209
428 20 189 259 310 246 318 292 188 171 190 256 304 209
429 20 177 259 310 236 317 269 182 173 190 246 298 240
429 20 177 259 314 244 318 276 188 173 211 256 302 240
430 20 177 267 314 240 313 268 182 183 167 256 300 201
430 20 189 267 318 246 313 269 185 200 170 262 300 217
431 20 177 255 298 238 313 253 182 179 167 254 302 205
431 20 177 259 310 238 313 260 182 179 170 262 304 213
432 20 177 259 302 238 313 257 182 171 167 256 300 197
432 20 177 259 302 240 313 264 182 183 171 258 302 217
